   4.9999999999999996E-002   7.6031349818192391     
   5.0498135074502196E-002   7.5752714022342449     
   5.1001232920053388E-002   7.5474086538260670     
   5.1509342979260089E-002   7.5195494686956756     
   5.2022515187310762E-002   7.4916973182277253     
   5.2540799976883219E-002   7.4638567123123849     
   5.3064248283101023E-002   7.4360328639316675     
   5.3592911548539145E-002   7.4082290179148078     
   5.4126841728279577E-002   7.3804456442180264     
   5.4666091295017288E-002   7.3526829970293628     
   5.5210713244217044E-002   7.3249400526924191     
   5.5760761099321605E-002   7.2972157327878149     
   5.6316288917011813E-002   7.2695095232677867     
   5.6877351292519078E-002   7.2418234223046509     
   5.7444003364990823E-002   7.2141596166342490     
   5.8016300822909310E-002   7.1865213276649742     
   5.8594299909564558E-002   7.1589123763091607     
   5.9178057428581669E-002   7.1313375535569445     
   5.9767630749503316E-002   7.1037993264575228     
   6.0363077813427798E-002   7.0762978024615526     
   6.0964457138703278E-002   7.0488328804471383     
   6.1571827826678770E-002   7.0214031963876575     
   6.2185249567512361E-002   6.9940075366208410     
   6.2804782646037380E-002   6.9666452276995026     
   6.3430487947686950E-002   6.9393180467454814     
   6.4062426964477601E-002   6.9120277347079107     
   6.4700661801052439E-002   6.8847776498298412     
   6.5345255180784628E-002   6.8575706594867398     
   6.5996270451941536E-002   6.8304111371404970     
   6.6653771593910449E-002   6.8033010562079177     
   6.7317823223486159E-002   6.7762400803921086     
   6.7988490601221307E-002   6.7492278620033010     
   6.8665839637839954E-002   6.7222628705696996     
   6.9349936900714990E-002   6.6953436790567835     
   7.0040849620410212E-002   6.6684695477816183     
   7.0738645697287425E-002   6.6416420442296102     
   7.1443393708179495E-002   6.6148627168351464     
   7.2155162913129775E-002   6.5881335441831768     
   7.2874023262198787E-002   6.5614601516646855     
   7.3600045402338610E-002   6.5348432510757206     
   7.4333300684335801E-002   6.5082854252956350     
   7.5073861169823522E-002   6.4817860496939419     
   7.5821799638363496E-002   6.4553444889220710     
   7.6577189594598444E-002   6.4289590742809963     
   7.7340105275475940E-002   6.4026283355413351     
   7.8110621657544094E-002   6.3763514598954432     
   7.8888814464319973E-002   6.3501298623126941     
   7.9674760173731471E-002   6.3239649272576255     
   8.0468536025633211E-002   6.2978584203584367     
   8.1270220029397447E-002   6.2718154324914606     
   8.2079890971580541E-002   6.2458364315981125     
   8.2897628423665770E-002   6.2199235452641011     
   8.3723512749883336E-002   6.1940759235705443     
   8.4557625115108323E-002   6.1682927048836511     
   8.5400047492837208E-002   6.1425721807630360     
   8.6250862673243930E-002   6.1169127992952932     
   8.7110154271316256E-002   6.0913137479757449     
   8.7978006735073069E-002   6.0657763324920957     
   8.8854505353863689E-002   6.0403018367266581     
   8.9739736266749762E-002   6.0148918006769030     
   9.0633786470970673E-002   5.9895508656158913     
   9.1536743830493345E-002   5.9642792647188276     
   9.2448697084647188E-002   5.9390787921491457     
   9.3369735856845035E-002   5.9139483775952435     
   9.4299950663391058E-002   5.8888870149711714     
   9.5239432922376313E-002   5.8638907848149184     
   9.6188274962663023E-002   5.8389622616133545     
   9.7146570032958318E-002   5.8140991576505403     
   9.8114412310978338E-002   5.7893022176808389     
   9.9091896912703731E-002   5.7645723969424187     
  0.10007911990172724        5.7403502527144799     
  0.10107617829869449        5.7218632496606299     
  0.10208317009083885        5.7045205563686530     
  0.10310019424161125        5.6882640194239098     
  0.10412735070040602        5.6730337611883277     
  0.10516474041238329        5.6538338273132229     
  0.10621246532838985        5.6089243833556530     
  0.10727062841497823        5.5643240130913822     
  0.10833933366452612        5.5200382792992198     
  0.10941868610545609        5.4760701844258737     
  0.11050879181255757        5.4324259296441406     
  0.11160975791741148        5.3891163959089097     
  0.11272169261891878        5.3461576211776869     
  0.11384470519393360        5.3035650202144380     
  0.11497890600800280        5.2613541211589041     
  0.11612440652621238        5.2195345664956694     
  0.11728131932414156        5.1781095429606143     
  0.11844975809892655        5.1370734094239365     
  0.11962983768043406        5.0964194213280170     
  0.12082167404254665        5.0561371841103053     
  0.12202538431455996        5.0162230004757840     
  0.12324108679269385        4.9766822533759498     
  0.12446890095171806        4.9375345118431753     
  0.12570894745669389        4.9303684562663150     
  0.12696134817483257        4.9472798245075635     
  0.12822622618747201        4.9644151763786013     
  0.12950370580217263        4.9817062612632030     
  0.13079391256493417        4.9990855768662685     
  0.13209697327253353        5.0164880144903172     
  0.13341301598498617        5.0338506180191098     
  0.13474217003813102        5.0511180825379105     
  0.13608456605634170        5.0682365669011462     
  0.13744033596536320        5.0851569889818631     
  0.13880961300527753        5.1018344709506103     
  0.14019253174359761        5.1110243325934768     
  0.14158922808849261        5.0758480685391740     
  0.14299983930214408        5.0415790155234221     
  0.14442450401423562        5.0082160558366358     
  0.14586336223557711        4.9757617634073279     
  0.14731655537186431        4.9442228454713728     
  0.14878422623757578        4.9136095340429540     
  0.15026651907000793        4.8839334852742873     
  0.15176357954345043        4.8552094295900670     
  0.15327555478350235        4.8274472321306297     
  0.15480259338153135        4.8006522078505975     
  0.15634484540927621        4.7485838095075970     
  0.15790246243359593        4.6923949742869437     
  0.15947559753136470        4.6357739514330012     
  0.16106440530451610        4.5787062641253060     
  0.16266904189523651        4.5212790523599411     
  0.16428966500131020        4.4637212111630600     
  0.16592643389161760        4.4064168246482947     
  0.16757950942178731        4.3496810638755745     
  0.16924905405000465        4.2934098041455089     
  0.17093523185297715        4.2370556718765453     
  0.17263820854205983        4.1799542203594235     
  0.17435815147954040        4.1215235066333369     
  0.17609522969508695        4.0779205979426241     
  0.17784961390235987        4.0437270187665844     
  0.17962147651578864        4.0109061836934563     
  0.18141099166751640        3.9801292943502045     
  0.18321833522451278        3.9507003642445988     
  0.18504368480585742        3.9216086196467992     
  0.18688721980019596        3.8919223593558194     
  0.18874912138336961        3.8610776541028722     
  0.19062957253622023        3.8289689929167103     
  0.19252875806257330        3.7959290493460687     
  0.19444686460739960        3.7627633493320696     
  0.19638408067515814        3.7305005687337340     
  0.19834059664832152        3.6996047525777600     
  0.20031660480608598        3.6728283153050070     
  0.20231229934326811        3.6627025290183983     
  0.20432787638938960        3.6525706918162859     
  0.20636353402795171        3.6421510508914641     
  0.20841947231590274        3.6312650024075257     
  0.21049589330329854        3.6198610621271214     
  0.21259300105315948        3.6080108967953710     
  0.21471100166152479        3.5958979231104387     
  0.21685010327770693        3.5838129725437300     
  0.21901051612474795        3.5721036191453441     
  0.22119245252007930        3.5564615789993379     
  0.22339612689638760        3.5378327036985886     
  0.22562175582268834        3.5198968999395857     
  0.22786955802560940        3.5023122312674855     
  0.23013975441088677        3.4846741550242144     
  0.23243256808507454        3.4666388993772097     
  0.23474822437747050        3.4480070637761067     
  0.23708695086226114        3.4287455699512459     
  0.23944897738088661        3.4089858459671230     
  0.24183453606462868        3.3890527079572013     
  0.24424386135742390        3.3694753326845617     
  0.24667719003890362        3.3507551024829438     
  0.24913476124766404        3.3330356844975078     
  0.25161681650476797        3.3159749220322339     
  0.25412359973748017        3.2992450115777463     
  0.25665535730324013        3.2824459164071702     
  0.25921233801387300        3.2651897096806750     
  0.26179479316004156        3.2472651252733526     
  0.26440297653594291        3.2286177312446891     
  0.26703714446424964        3.2093689261825067     
  0.26969755582130073        3.1898941008125785     
  0.27238447206254285        3.1708436371951829     
  0.27509815724822523        3.1528308806023362     
  0.27783887806935054        3.1359850078739697     
  0.28060690387388432        3.1199841070503216     
  0.28340250669322525        3.1043437629415487     
  0.28622596126894007        3.0885596864548295     
  0.28907754507976341        3.0722187586505028     
  0.29195753836886790        3.0550409704518855     
  0.29486622417140501        3.0369741814332869     
  0.29780388834232113        3.0181777415658257     
  0.30077081958445012        2.9993164402545345     
  0.30376730947688596        2.9818146377366732     
  0.30679365250363794        2.9656325229391114     
  0.30985014608257200        2.9507823657971426     
  0.31293709059463926        2.9367416355464750     
  0.31605478941339654        2.9230931482440390     
  0.31920354893482100        2.9083676394236080     
  0.32238367860742123        2.8921957014050057     
  0.32559549096264928        2.8751205375550688     
  0.32883930164561465        2.8571242100182075     
  0.33211542944610445        2.8382026305380639     
  0.33542419632991372        2.8185656623137190     
  0.33876592747048656        2.7994589999659216     
  0.34214095128087296        2.7823032569757058     
  0.34554959944600411        2.7668765967992970     
  0.34899220695528888        2.7524787040301351     
  0.35246911213553611        2.7387104824053399     
  0.35598065668420342        2.7246203714793698     
  0.35952718570297804        2.7095966121740007     
  0.36310904773169234        2.6935610097386831     
  0.36672659478257735        2.6762521557303915     
  0.37038018237485654        2.6574830722947049     
  0.37407016956968542        2.6376192230593252     
  0.37779691900543833        2.6190800433117665     
  0.38156079693334782        2.6036796134965159     
  0.38536217325349825        2.5897824701553955     
  0.38920142155117748        2.5764963897533812     
  0.39307891913359261        2.5636599699502867     
  0.39699504706694977        2.5502614778523598     
  0.40095019021390377        2.5358947648630239     
  0.40494473727138142        2.5201654893526646     
  0.40897908080878054        2.5026316648504405     
  0.41305361730655094        2.4833043562172730     
  0.41716874719515912        2.4630075658841140     
  0.42132487489444015        2.4458683384442681     
  0.42552240885334364        2.4321832702482320     
  0.42976176159007390        2.4183076104451113     
  0.43404334973263131        2.4056561742752862     
  0.43836759405975645        2.3938582329297970     
  0.44273491954228261        2.3808749198557448     
  0.44714575538490092        2.3662355985910306     
  0.45160053506834114        2.3495343141245661     
  0.45609969639197118        2.3321198558218024     
  0.46064368151682417        2.3129154389276105     
  0.46523293700905111        2.2940688992378595     
  0.46986791388380877        2.2803815259181999     
  0.47454906764958299        2.2685534886542205     
  0.47927685835295453        2.2561274724703515     
  0.48405175062381106        2.2469090137205678     
  0.48887421372100948        2.2377488464270145     
  0.49374472157849192        2.2263616420257666     
  0.49866375285186337        2.2138971110975914     
  0.50363179096543154        2.1988323067706372     
  0.50864932415971642        2.1822267851712329     
  0.51371684553943253        2.1658717937703202     
  0.51883485312194877        2.1505344470212000     
  0.52400384988623361        2.1395833405793026     
  0.52922434382228434        2.1305440175885422     
  0.53449684798104991        2.1207253684614482     
  0.53982188052485458        2.1136801224933590     
  0.54519996477831822        2.1082869754682450     
  0.55063162927978693        2.0983009120223532     
  0.55611740783327834        2.0859814547847986     
  0.56165783956093818        2.0747271654459989     
  0.56725346895602680        2.0595574130221430     
  0.57290484593642799        2.0427667477805240     
  0.57861252589869205        2.0328161434785539     
  0.58437706977262116        2.0245692739819097     
  0.59019904407639279        2.0129980685443360     
  0.59607902097223497        2.0064305344526341     
  0.60201757832265934        2.0020912603190184     
  0.60801529974724722        1.9918488739246545     
  0.61407277468000843        1.9822555768650876     
  0.62019059842730884        1.9732946039537915     
  0.62636937222637157        1.9570467112895025     
  0.63260970330436961        1.9401016406351614     
  0.63891220493809631        1.9281840191261448     
  0.64527749651424016        1.9158751316010312     
  0.65170620359025488        1.9036722325082007     
  0.65819895795583416        1.8963242146238266     
  0.66475639769500616        1.8892337924574245     
  0.67137916724883895        1.8793283478563634     
  0.67806791747877315        1.8710753628807868     
  0.68482330573059036        1.8618375669960225     
  0.69164599589900944        1.8467593148565420     
  0.69853665849293523        1.8312999948892179     
  0.70549597070135350        1.8174924617669863     
  0.71252461645988008        1.8018892217595677     
  0.71962328651797758        1.7892728449939757     
  0.72679267850684104        1.7808245708727046     
  0.73403349700795395        1.7708040326337209     
  0.74134645362233775        1.7609544041945369     
  0.74873226704047990        1.7537934073056411     
  0.75619166311296782        1.7446967183477708     
  0.76372537492182269        1.7325747877517499     
  0.77133414285254043        1.7203713057634877     
  0.77901871466685979        1.7065787022142991     
  0.78677984557624348        1.6914951180218254     
  0.79461829831610220        1.6795909438320329     
  0.80253484322075275        1.6695875432479488     
  0.81053025829912051        1.6586500586141113     
  0.81860532931120256        1.6496253105096481     
  0.82676084984528975        1.6423983727145690     
  0.83499762139595346        1.6336600247826401     
  0.84331645344281825        1.6247540676377952     
  0.85171816353011176        1.6160673418532583     
  0.86020357734701036        1.6046372218311151     
  0.86877352880878711        1.5920506645006236     
  0.87742886013876131        1.5811967247689387     
  0.88617042195107298        1.5704642606940908     
  0.89499907333427842        1.5595598981272965     
  0.90391568193577343        1.5510264390635260     
  0.91292112404706971        1.5435440811407601     
  0.92201628468990615        1.5353532826377330     
  0.93120205770323072        1.5285843654679054     
  0.94047934583104331        1.5226162409500357     
  0.94984906081110998        1.5147563408544216     
  0.95931212346456973        1.5064593897928158     
  0.96886946378642758        1.4986997020889397     
  0.97852202103695085        1.4896296946988237     
  0.98827074383397673        1.4802822874938986     
  0.99811659024613841        1.4725930375447629     
   1.0080605278870209        1.4650543214650664     
   1.0181035340102560        1.4573515569711017     
   1.0282465956055593        1.4514272616243837     
   1.0384907094957314        1.4462308786098144     
   1.0488368824346215        1.4403726630400933     
   1.0592861312060657        1.4354013089302764     
   1.0698394827238158        1.4308587445626080     
   1.0804979741324565        1.4249613192581863     
   1.0912626529093350        1.4190346892722623     
   1.1021345769675048        1.4136689075570859     
   1.1131148147596881        1.4073221316443991     
   1.1242044453832847        1.4007795863128190     
   1.1354045586864190        1.3952830051263252     
   1.1467162553750470        1.3896379097900413     
   1.1581406471211297        1.3837429873224727     
   1.1696788566718841        1.3790211960893646     
   1.1813320179601221        1.3745966594334691     
   1.1931012762156903        1.3697432393933082     
   1.2049877880780178        1.3657531842200872     
   1.2169927217097876        1.3621512886329534     
   1.2291172569117386        1.3577835840976793     
   1.2413625852386114        1.3536597168911457     
   1.2537299101162538        1.3498006189373204     
   1.2662204469598819        1.3450281164716080     
   1.2788354232935333        1.3400796932448780     
   1.2915760788707009        1.3354612025710304     
   1.3044436657961715        1.3303305225624027     
   1.3174394486490775        1.3252251805341928     
   1.3305647046071767        1.3206703892546900     
   1.3438207235723674        1.3160146545625189     
   1.3572088082974532        1.3111020687314905     
   1.3707302745141792        1.3067701766565618     
   1.3843864510625301        1.3027049483867827     
   1.3981786800213276        1.2983943132319453     
   1.4121083168401241        1.2945106528245063     
   1.4261767304724109        1.2907941364071869     
   1.4403853035101546        1.2865467506213961     
   1.4547354323196728        1.2821957209552970     
   1.4692285271788639        1.2778627875358946     
   1.4838660124158041        1.2729752203574460     
   1.4986493265487248        1.2677946555004305     
   1.5135799224273854        1.2626894346634212     
   1.5286592673758537        1.2572460411886703     
   1.5438888433367086        1.2515685632004112     
   1.5592701470166819        1.2460432096334131     
   1.5748046900337469        1.2404102247464641     
   1.5904939990656739        1.2344855982068541     
   1.6063396160000716        1.2287047027843512     
   1.6223430980859124        1.2230069349162780     
   1.6385060180865756        1.2170789550570653     
   1.6548299644344140        1.2112019110199101     
   1.6713165413868534        1.2054146642415644     
   1.6879673691840635        1.1994598438680513     
   1.7047840842081794        1.1934708508882359     
   1.7217683391441236        1.1876413303966022     
   1.7389218031420257        1.1816263107595795     
   1.7562461619812588        1.1753821270428335     
   1.7737431182361139        1.1691537326538792     
   1.7914143914431211        1.1626974530927530     
   1.8092617182700370        1.1557815973718919     
   1.8272868526865258        1.1487041249557008     
   1.8454915661365248        1.1414466657530506     
   1.8638776477123360        1.1337886177918890     
   1.8824469043304595        1.1260248826961821     
   1.9012011609091615        1.1181746869305693     
   1.9201422605478247        1.1094722970274917     
   1.9392720647080821        1.1006787629638075     
   1.9585924533967494        1.0919412393543166     
   1.9781053253505942        1.0829833832129179     
   1.9978125982229287        1.0739562994055154     
   2.0177162087720730        1.0650113004851445     
   2.0378181130516939        1.0559071283602985     
   2.0581202866030317        1.0467110052890292     
   2.0786247246490617        1.0376674913409925     
   2.0993334422905665        1.0285198151457648     
   2.1202484747041734        1.0192465433311702     
   2.1413718773423724        1.0100856014519970     
   2.1627057261355107        1.0000000000000000     
   2.1842521176958067       0.98913668848807856     
   2.2060131695234078       0.97831325808157321     
   2.2279910202144744       0.96733700212346108     
   2.2501878296713702       0.95606770360047855     
   2.2726057793149175       0.94464845544097353     
   2.2952470722987797       0.93176719783019701     
   2.3181139337259902       0.91852327841466330     
   2.3412086108676142       0.90523910938729002     
   2.3645333733836091       0.89321779720540539     
   2.3880905135458779       0.88195667617418372     
   2.4118823464635404       0.87072729071527888     
   2.4359112103104641       0.85932568569231149     
   2.4601794665550405       0.84780817644744511     
   2.4846895001922631       0.83634936926795600     
   2.5094437199781265       0.81573950348382929     
   2.5344445586663347       0.78005421093523875     
   2.5596944732473923       0.74395907312975296     
   2.5851959451900730       0.70766512423109040     
   2.6109514806852729       0.67126225780744342     
   2.6369636108923289       0.63488787267073121     
   2.6632348921877593       0.59866206878195849     
   2.6897679064164945       0.56271074387901898     
   2.7165652611456244       0.52715054800629413     
   2.7436295899206402       0.49213926795692053     
   2.7709635525242717       0.54160577221932260     
   2.7985698352378647       0.61832707593285841     
   2.8264511511053803       0.69492990944795596     
   2.8546102402000346       0.76994371680404838     
   2.8830498698935720       0.84235272527176108     
   2.9117728351282306       0.90006332208336770     
   2.9407819586914341       0.93911824751358608     
   2.9700800914931840       0.97629752640025869     
   2.9996701128462520        1.0113884230665529     
   3.0295549307491476        1.0442904923906646     
   3.0597374821718910        1.0749723892166090     
   3.0902207333446690        1.1034482475547200     
   3.1210076800493285        1.0895522472199284     
   3.1521013479137934        1.0576488524180703     
   3.1835047927094258        1.0275151764069617     
   3.2152211006513127       0.99964375076396095     
   3.2472533887015929       0.97456128087145633     
   3.2796048048757629       0.95281801713537706     
   3.3122785285520528       0.93498459253107769     
   3.3452777707839010       0.92164847263244454     
   3.3786057746155014       0.89221374191319403     
   3.4122658154005330       0.85804078851434462     
   3.4462612011240519       0.82194047812701843     
   3.4805952727275717       0.78379698769038209     
   3.5152714044374136       0.75496878238889564     
   3.5502930040963134       0.74014210262854330     
   3.5856635134983148       0.72517444353076843     
   3.6213864087270431       0.71002155796732747     
   3.6574652004972936       0.69480190141294007     
   3.6939034345000707       0.67947514956617650     
   3.7307046917510456       0.66405456790969797     
   3.7678725889424660       0.64912754460870425     
   3.8054107787986196       0.63474760583769207     
   3.8433229504347883       0.62041854998192969     
   3.8816128297198036       0.60612247307703582     
   3.9202841796422296       0.59188098229733099     
   3.9593408006801476       0.57775538950828043     
   3.9987865311746740       0.56371606378224248     
   4.0386252477071780       0.55456005438577083     
   4.0788608654802401       0.54566838057158384     
   4.1194973387024429       0.53688154284740930     
   4.1605386609769663       0.52819637711507761     
   4.2019888656940658       0.51961792232552584     
   4.2438520264274668       0.51114433156368788     
   4.2861322573346827       0.50277838622089888     
   4.3288337135613544       0.49452843577617323     
   4.3719605916496072       0.48639337231306168     
   4.4155171299504472       0.47837157125567947     
   4.4595076090403216       0.47047022365633684     
   4.5039363521417712       0.46269411714541858     
   4.5488077255483148       0.45342727400985455     
   4.5941261390535617       0.44333889879358657     
   4.6398960463845613       0.43332552143746067     
   4.6861219456395240       0.42338703088729523     
   4.7328083797298781       0.41352265252745979     
   4.7799599368267058       0.40373711425147246     
   4.8275812508116802       0.39395524739284782     
   4.8756770017324511       0.38422835570673769     
   4.9242519162625822       0.37462892266891057     
   4.9733107681660860       0.36516302717202620     
   5.0228583787665491       0.35610686352655768     
   5.0728996174209620       0.34751381025572592     
   5.1234394019982865       0.33905631150520116     
   5.1744826993627253       0.33073163759547303     
   5.2260345258618734       0.32253795708497035     
   5.2780999478197055       0.31447389967391987     
   5.3306840820344448       0.30690816062537335     
   5.3837920962814838       0.29980511623606165     
   5.4374292098212003       0.29292109771827335     
   5.4916006939118898       0.28625915266965052     
   5.5463118723278528       0.27981888520109416     
   5.6015681218825488       0.27389397588811182     
   5.6573748729570115       0.27835675534433368     
   5.7137376100335526       0.28290596759139469     
   5.7706618722347551       0.28753520605539223     
   5.8281532538678089       0.29223851785042804     
   5.8862174049743290       0.29701042459413945     
   5.9448600318855904       0.29511981572222434     
   6.0040868977833544       0.29117487224883087     
   6.0639038232662550       0.28724719640155727     
   6.1243166869217935       0.28333705060674136     
   6.1853314259040975       0.27944473927847402     
   6.2469540365173692       0.27557070187255239     
   6.3091905748052115       0.27171526824048586     
   6.3720471571457953       0.26787950924692738     
   6.4355299608529233       0.26406375377189939     
   6.4996452247831424       0.26026869065755964     
   6.5643992499488473       0.25649474357466218     
   6.6297984001375569       0.25274223629814180     
   6.6958491025372933       0.24901132280482632     
   6.7625578483682514       0.24465052668003515     
   6.8299311935206992       0.23753227065006344     
   6.8979757591992934       0.23050908072721879     
   6.9666982325737568       0.22357994580424276     
   7.0361053674360994       0.21674409692490354     
   7.1062039848643623       0.21000092732838821     
   7.1770009738929286       0.20335065052401041     
   7.2485032921895867       0.19679346959865696     
   7.3207179667392737       0.19033001713078290     
   7.3936520945346995       0.18396127374912352     
   7.4673128432737803       0.17768834697031874     
   7.5417074520640890       0.17151220401385545     
   7.6168432321342525       0.16630408036116368     
   7.6927275675524687       0.16133640209648456     
   7.7693679159522278       0.15650224352271053     
   7.8467718092651770       0.15180127789012754     
   7.9249468544613793       0.14723264322007207     
   8.0039007342968507       0.14279580002514625     
   8.0836412080685953       0.13849034366065746     
   8.1641761123772021       0.13431616478594369     
   8.2455133618969558       0.13027342722941335     
   8.3276609501537049       0.12804731010170789     
   8.4106269503103839       0.12607459231792137     
   8.4944195159604554       0.12425197907890582     
   8.5790468819291732       0.12257327331406080     
   8.6645173650829186       0.12103142126353351     
   8.7508393651465433       0.11970495583358116     
   8.8380213655288262       0.11861631799440113     
   8.9260719341562300       0.11773558208319122     
   9.0149997243148903       0.11915364072990160     
   9.1048134755010679       0.13103829026916175     
   9.1955220142800069       0.14293726489744896     
   9.2871342551534077       0.15455589423876684     
   9.3796592014354747       0.15657732603799548     
   9.4731059461377214       0.15678978026062146     
   9.5674836728626538       0.15671489480601383     
   9.6628016567062449       0.15637995942151889     
   9.7590692651695132       0.15563931584673507     
   9.8562959590790697       0.15311969543372089     
   9.9544912935169041       0.15052558739139726     
   10.053664918759456       0.14958929105449065     
   10.153826581225983       0.15033217844778335     
   10.254986124436403       0.15138457222801666     
   10.357153489978707       0.15276951236956071     
   10.460338718485945       0.15451099916089125     
   10.564551950622970       0.16457416128107105     
   10.669803428083091       0.18007607862759581     
   10.776103494594521       0.19611022335457037     
   10.883462596936987       0.21263238907687934     
   10.991891285968341       0.22959736105303072     
   11.101400217661460       0.24689368540794498     
   11.212000154151532       0.26348966327192019     
   11.323701964793662       0.27932130985329745     
   11.436516627231127       0.29142380417791336     
   11.550455228474167       0.29659742030679209     
   11.665528965989575       0.30107825792611120     
   11.781749148801191       0.30491982583393717     
   11.899127198601267       0.30817452128376077     
   12.017674650872996       0.30980965030926855     
   12.137403156024126       0.30509614213826852     
   12.258324480531913       0.30051418839499516     
   12.380450508099553       0.29605234939457764     
   12.503793240824013       0.29169970042754717     
   12.628364800375561       0.28744565444914494     
   12.754177429189083       0.28254003599821853     
   12.881243491667165       0.27678440962501333     
   13.009575475395220       0.27117663817915988     
   13.139185992368780       0.26571021341380774     
   13.270087780232906       0.26037821149685503     
   13.402293703534049       0.25517338112419835     
   13.535816754984269       0.24970277454890805     
   13.670670056738116       0.24326075193057967     
   13.806866861682281       0.23689661044626142     
   13.944420554738004       0.23061304590093137     
   14.083344654176479       0.22441270146753009     
   14.223652812947462       0.21829820352923376     
   14.365358820020884       0.21227222897277298     
   14.508476601742125       0.20633728696589393     
   14.653020223200571       0.20049621013854235     
   14.799003889611882       0.19475151900530713     
   14.946441947714103       0.18910531964085264     
   15.095348887177451       0.18585981371721949     
   15.245739342028470       0.18396715632602481     
   15.397628092088121       0.18211646577065194     
   15.551030064424296       0.18030435664527325     
   15.705960334818856       0.17852722336766086     
   15.862434129249147       0.17678132140702052     
   16.020466825384343       0.17506271735524342     
   16.180073954096802       0.17336724287319061     
   16.341271200988288       0.17169095872329987     
   16.504074407931590       0.16999977618194409     
   16.668499574627305       0.16713941551973135     
   16.834562860176245       0.16425839574097342     
   17.002280584667563       0.16136003911682842     
   17.171669230782580       0.15844631965522943     
   17.342745445414621       0.15551957302747216     
   17.515526041305129       0.15258209942820228     
   17.690027998695747       0.14963610790788762     
   17.866268466997273       0.14668373697291318     
   18.044264766474956       0.14375518825822967     
   18.224034389950646       0.14093059826763668     
   18.405595004522041       0.13813784231548093     
   18.588964453298743       0.13537668096011829     
   18.774160757155997       0.13264697973152142     
   18.961202116505643       0.12994858517836347     
   19.150106913084780       0.12569054677284075     
   19.340893711762256       0.12107597249856519     
   19.533581262363235       0.11652012241217138     
   19.728188501511678       0.11202256473967409     
   19.924734554491561       0.10758290949261810     
   20.123238737126325       0.10384057102298634     
   20.323720557677188       0.10053688291233019     
   20.526199718760417        9.7276236759192614E-002
   20.730696119283454        9.4058128429566831E-002
   20.937229856400691        9.0882086003203660E-002
   21.145821227488451        8.8490758015584411E-002
   21.356490732139733        8.6456493603699225E-002
   21.569259074178959        8.4456018663590385E-002
   21.784147163696428        8.2489016476029131E-002
   22.001176119103526        8.0555016747989872E-002
   22.220367269208040        7.8653570175293716E-002
   22.441742155310283        7.6784166361944003E-002
   22.665322533320204        7.4946407937647300E-002
   22.891130375895244        7.3139747084297671E-002
   23.119187874599969        7.1739577684425529E-002
   23.349517442086857        7.0710177110989023E-002
   23.582141714298945        6.9705004965391060E-002
   23.817083552694399        6.8723295934695436E-002
   24.054366046493357        6.7764628781105923E-002
   24.294012514946822        6.6828473835712901E-002
   24.536046509628630        6.5914314829899900E-002
   24.780491816749901        6.5021748412402797E-002
   25.027372459496636        6.4204459999959537E-002
   25.276712700390775        6.3832891948945092E-002
   25.528537043674376        6.3460529436675309E-002
   25.782870237718036        6.3086680091909847E-002
   26.039737277452964        6.2710434297668621E-002
   26.299163406827400        6.2331627506538721E-002
   26.561174121287515        6.1757727955642702E-002
   26.825795170282987        6.0554863897117818E-002
   27.093052559797581        5.9359436623511744E-002
   27.362972554904921        5.8171160869420008E-002
   27.635581682349709        5.7015127040842467E-002
   27.910906733154690        5.5887880559216757E-002
   28.188974765253572        5.4762085239639768E-002
   28.469813106150177        5.3637360081634458E-002
   28.753449355604097        5.2513332405777532E-002
   29.039911388343082        5.1389502757668064E-002
   29.329227356802445        5.0265898601893247E-002
   29.621425693891936        4.9255467329632888E-002
   29.916535115789703        4.8435571743306684E-002
   30.214584624764736        4.7658831395169722E-002
   30.515603512026946        4.6925762183239746E-002
   30.819621360605780        4.6236962451874718E-002
   31.126668048257713        4.5593006917217946E-002
   31.436773750402200        4.4994497634616284E-002
   31.749968943087509        4.5189414157228339E-002
   32.066284405985662        4.5608326805311877E-002
   32.385751225417351        4.6060050718403522E-002
   32.708400797407016        4.6545171798254945E-002
   33.034264830768301        4.7064292873768364E-002
   33.363375350220309        4.7862246811204497E-002
   33.695764699534848        4.8752025830524168E-002
   34.031465544715083        4.9670746844745657E-002
   34.370510877205795        5.0617174978066906E-002
   34.712934017135716        5.1485945641010271E-002
   35.058768616592033        5.2298872834784772E-002
   35.408048662927669        5.3115345765338003E-002
   35.760808482101368        5.3934398278762521E-002
   36.117082742051224        5.5006920902145540E-002
   36.476906456101460        5.6596591807829499E-002
   36.840314986403861        5.8186749791006159E-002
   37.207344047412604        5.9791601319188814E-002
   37.578029709394343        6.1361100713616987E-002
   37.952408401973052        6.2873365586148880E-002
   38.330516917710149        6.4330930893938779E-002
   38.712392415720380        6.5596477971496023E-002
   39.098072425323650        6.6722166699749841E-002
   39.487594849733277        6.7825263019789694E-002
   39.880997969780971        6.8903433516676160E-002
   40.278320447678951        6.9934762020656502E-002
   40.679601330819516        7.0891586343319324E-002
   41.084880055612473        7.1776237742413082E-002
   41.494196451360807        7.2588334891081283E-002
   41.907590744174961        7.3327970953223007E-002
   42.325103560926109        7.4237032161675806E-002
   42.746775933238823        7.5108197151114942E-002
   43.172649301523478        7.5871443652947193E-002
   43.602765519048923        7.5571299122551686E-002
   44.037166856055592        7.4557010425942843E-002
   44.475896003909781        7.3525549742220073E-002
   44.918996079298935        7.2480958392165257E-002
   45.366510628469456        7.1426906496840165E-002
   45.818483631505806        6.9361243025006125E-002
   46.274959506652969        6.6732478716392402E-002
   46.735983114681630        6.4185094782647736E-002
   47.201599763296947        6.1716880050109703E-002
   47.671855211591215        5.9325691752883616E-002
   48.146795674540897        5.7009386407379625E-002
   48.626467827548495        5.4765640096084055E-002
   49.110918811029592        5.2592855397122072E-002
   49.600196235045722        5.0488786283696629E-002
   50.094348183983044        4.8607542752457260E-002
   50.593423221278400        4.7426904598631400E-002
   51.097470394191461        4.6261759830095117E-002
   51.606539238625160        4.5111913871754727E-002
   52.120679783993879        4.3977177649920603E-002
   52.639942558139936        4.2857387078244880E-002
   53.164378592299748        4.1752360877004659E-002
   53.694039426118522        4.0661929065297621E-002
   54.228977112715604        3.9585745833371704E-002
   54.769244223800079        3.8524016995049010E-002
   55.314893854837067        3.7476395951994368E-002
   55.865979630266281        3.6442723263984053E-002
   56.422555708771505        3.5422858675617272E-002
   56.984676788603380        3.4416649798627824E-002
   57.552398112954883        3.3423948779453323E-002
   58.125775475390427        3.2444624961133976E-002
   58.704865225329073        3.1478537167919256E-002
   59.289724273582294        3.0525548466124621E-002
   59.880410097947014        2.9585537275775297E-002
   60.476980748854288        2.8898952599251706E-002
   61.079494855074330        2.8282756508678238E-002
   61.688011629478055        2.7675694752977625E-002
   62.302590874856911        2.7077646603104459E-002
   62.923292989799457        2.6488496846081035E-002
   63.550178974627414        2.5908129064747081E-002
   64.183310437390574        2.5336437642626542E-002
   64.822749599921053        2.4773309393213507E-002
   65.468559303948950        2.4218633276451001E-002
   66.120803017277439        2.3672308043749028E-002
   66.779544840020577        2.3134225704465470E-002
   67.444849510902785        2.2604171538284357E-002
   68.116782413620868        2.2082268196736456E-002
   68.795409583269986        2.1568303755294675E-002
   69.480797712833422        2.1062176738095503E-002
   70.173014159736525        2.0510425704042115E-002
   70.872126952466616        1.9805389124019874E-002
   71.578204797258621        1.9107920920842288E-002
   72.291317084846881        1.8417956189465064E-002
   73.011533897285332        1.7735438517125921E-002
   73.738926014834220        1.7060309100762710E-002
   74.473564922916466        1.6392512573982176E-002
   75.215522819142976        1.5731919375882631E-002
   75.964872620407618        1.5078648482304381E-002
   76.721687970053964        1.4432566744713852E-002
   77.486043245111915        1.3793634688891053E-002
   78.258013563607619        1.3161811654764152E-002
   79.037674791945747        1.2537061138774562E-002
   79.825103552364993        1.1919348402613923E-002
   80.620377230469074        1.1308644384912659E-002
   81.423573982830987        1.0704919581220980E-002
   82.234772744674444        1.0108147345391160E-002
   83.054053237631337        9.5183060177064672E-003
   83.881495977576094        8.9353248243060051E-003
   84.717182282538928        8.3592869568272499E-003
   85.561194280697521        8.0362131102863325E-003
   86.413614918447777        7.8405551796162567E-003
   87.274527968555901        7.6468244020004971E-003
   88.144018038391209        7.4549910115953395E-003
   89.022170578240676        7.2650240883503593E-003
   89.909071889707477        7.0768938677629048E-003
   90.804809134191544        6.8905706678527674E-003
   91.709470341455926        6.7060267559356573E-003
   92.623144418278002        6.5232334598420870E-003
   93.545921157186541        6.3421257842768784E-003
   94.477891245286699        6.1627529159390057E-003
   95.419146273172345        5.9850489862129531E-003
   96.369778743926815        5.8089873520865195E-003
   97.329882082214255        5.6345429217886404E-003
   98.299550643460549        5.4616898879949393E-003
   99.278879723126707        5.2904029247860694E-003
   100.26796556607421        5.0849297657274712E-003
   101.26690537602303        4.7828063111972014E-003
   102.27579732510500        4.4796730527572456E-003
   103.29474056351127        4.1753792778115011E-003
   104.32383522923698        3.8698515206621797E-003
   105.36318245792241        3.5629294832092788E-003
   106.41288439279174        3.5075753256121772E-003
   107.47304419469170        3.8431603211782541E-003
   108.54376605222984        4.1774442429782658E-003
   109.62515519201328        4.5103772380213547E-003
   110.71731788899106        4.4313870683413232E-003
   111.82036147689740        4.1407811638298660E-003
   112.93439435880056        3.8552307905879266E-003
   114.05952601775633        3.5746900052155517E-003
   115.19586702756715        3.3237308513829286E-003
   116.34352906364950        3.1934617117172744E-003
   117.50262491400890        3.0626745622966147E-003
   118.67326849032379        2.9312847766567365E-003
   119.85557483914087        2.7992627418177624E-003
   121.04966015318088        2.9999049046463655E-003
   122.25564178275818        3.2432909882636730E-003
   123.47363824731356        3.4831121098913812E-003
   124.70376924706123        3.7193478110633823E-003
   125.94615567475317        3.9519540292676627E-003
   127.20091962755937        4.0865579039106740E-003
   128.46818441906782        3.7254843227703155E-003
   129.74807459140280        3.3703092704856909E-003
   131.04071592746493        3.0210599078565607E-003
   132.34623546329192        2.6777013817689977E-003
   133.66476150054393        2.4722757207386870E-003
   134.99642361911179        2.3990141281583972E-003
   136.34135268985241        2.3260202592217632E-003
   137.69968088745023        2.2532645336639312E-003
   139.07154170340621        2.1807194337276938E-003
   140.45706995915762        2.1083910095212729E-003
   141.85640181932695        2.0381701333425195E-003
   143.26967480510450        1.9691518350041523E-003
   144.69702780776345        1.9000212409219254E-003
   146.13860110230883        2.1184933662031120E-003
   147.59453636126389        2.4151214404930376E-003
   149.06497666859264        2.7131219803424372E-003
   150.55006653376205        2.9599300698745909E-003
   152.04995190594420        3.1149161551872963E-003
   153.56478018835870        3.2662976946546598E-003
   155.09470025275954        3.4002643043115222E-003
   156.63986245406582        3.3223817855465823E-003
   158.20041864513723        3.2455046980978653E-003
   159.77652219169858        3.1696083702975057E-003
   161.36832798741187        3.0946704201170881E-003
   162.97599246909800        3.0207073231682184E-003
   164.59967363211146        2.9476963388904757E-003
   166.23953104586687        2.8756281353348573E-003
   167.89572586952158        2.8044826577925679E-003
   169.56842086781390        2.7342729047618673E-003
   171.25778042705809        2.6649785208922687E-003
   172.96397057130059        2.5965809797986053E-003
   174.68715897863521        2.5290910568144102E-003
   176.42751499768323        2.4624899618315207E-003
   178.18520966423526        2.3967690387692885E-003
   179.96041571806094        2.3319116426020396E-003
   181.75330761988442        2.2679258304065253E-003
   183.56406156852950        2.2047947397452784E-003
   185.39285551823681        2.1425029624169128E-003
   187.23986919615169        2.0810568227614310E-003
   189.10528411998786        2.0204407246450372E-003
   190.98928361586528        1.9606403909034602E-003
   192.89205283632771        1.9016605892702052E-003
   194.81377877853785        1.8434868814587052E-003
   196.75465030265573        1.7861114453751863E-003
   198.71485815039910        1.7295213898397515E-003
   200.69459496378798        1.6810484193392396E-003
   202.69405530407772        1.6466672936345757E-003
   204.71343567087874        1.6125919665314378E-003
   206.75293452146883        1.5788279981108853E-003
   208.81275229029686        1.5453668296438402E-003
   210.89309140867960        1.5122005975888794E-003
   212.99415632469709        1.4793340284432585E-003
   215.11615352328383        1.4467591587459562E-003
   217.25929154652280        1.4144686638587801E-003
   219.42378101413905        1.3824665065467528E-003
   221.60983464419974        1.3507452722116022E-003
   223.81766727401816        1.3193014388059427E-003
   226.04749588126720        1.2881283522473527E-003
   228.29953960530423        1.2572290212465199E-003
   230.57401976870617        1.2265967144461226E-003
   232.87115989902131        1.1962252211768529E-003
   235.19118575073557        1.1661169325561601E-003
   237.53432532745992        1.1362655685624779E-003
   239.90080890433643        1.1066653266917348E-003
   242.29086905067044        1.0773180332146000E-003
   244.70474065278538        1.0482178234388648E-003
   247.14266093710773        1.0193592702870725E-003
   249.60486949347958        9.9074368363622975E-004
   252.09160829870453        9.7413180739392216E-004
   254.60312174032967        9.5990028635533058E-004
   257.13965664066166        9.4581027597506544E-004
   259.70146228102499        9.3185821492540585E-004
   262.28879042625908        9.1804261538950291E-004
   264.90189534946063        9.0436024924448919E-004
   267.54103385697420        8.9081323708907923E-004
   270.20646531362877        8.7739832174252470E-004
   272.89845166822840        8.6411247375984765E-004
   275.61725747929444        8.5095755908260796E-004
   278.36314994106527        8.3793052262301460E-004
   281.13639890975651        8.2502851989977894E-004
   283.93727693008009        8.1225318353078148E-004
   286.76605926203047        7.9960164654657555E-004
   289.62302390793434        7.8707123672169452E-004
   292.50845163977334        7.7466337310236485E-004
   295.42262602677539        7.6237536388705019E-004
   298.36583346328507        7.5020592336468115E-004
   301.33836319690766        7.3815259720078660E-004
   304.34050735693700        7.2621653484119630E-004
   307.37256098306301        7.1439526614533780E-004
   310.43482205436766        7.0268648235190354E-004
   313.52759151861028        6.9109116098841868E-004
   316.65117332180233        6.7960697987919929E-004
   319.80587443807968        6.6823176603809378E-004
   322.99200489986913        6.5696634020326523E-004
   326.20987782835738        6.4580851817751391E-004
   329.45980946426505        6.3475625367373121E-004
   332.74211919892434        6.2381022462633428E-004
   336.05712960566757        6.1296837556575957E-004
   339.40516647153021        6.0222958988870323E-004
   342.78655882926483        5.9159198147156541E-004
   346.20163898968025        5.8105604918719071E-004
   349.65074257429842        5.7061990034685183E-004
   353.13420854833805        5.6247580300296978E-004
   356.65237925402812        5.5465254827210338E-004
   360.20560044425036        5.4690166247614125E-004
   363.79422131651853        5.3922171258052594E-004
   367.41859454729803        5.3161325546115029E-004
   371.07907632666394        5.2407485261847010E-004
   374.77602639330780        5.1660515040817350E-004
   378.50980806988957        5.0920462141734854E-004
   382.28078829874380        5.0187190770446951E-004
   386.08933767794292        4.9460627953114994E-004
   389.93583049771672        4.8740648438575494E-004
   393.82064477723787        4.8027288816653171E-004
   397.74416230177059        4.7320423558221673E-004
   401.70676866019079        4.6619934235723950E-004
   405.70885328288250        4.5925850716580234E-004
   409.75080948000794        4.5238054391017282E-004
   413.83303448016079        4.4556433244221771E-004
   417.95592946940616        4.3881011040903715E-004
   422.11989963070380        4.3211675672135856E-004
   426.32535418373186        4.2548321154190502E-004
   430.57270642510173        4.1890965722562963E-004
   434.86237376897492        4.1239503380377984E-004
   439.19477778808721        4.0593870998129934E-004
   443.57034425517662        3.9953970279328892E-004
   447.98950318482707        3.9319812511264543E-004
   452.45268887573064        3.8711434626059787E-004
   456.96033995336734        3.8124922394818113E-004
   461.51289941311137        3.7543618972488575E-004
   466.11081466376942        3.6967434651344322E-004
   470.75453757154582        3.6396284324861114E-004
   475.44452450445488        3.5830174441282722E-004
   480.18123637716872        3.5269020031231390E-004
   484.96513869631428        3.4712740403293203E-004
   489.79670160622396        3.4161338526677714E-004
   494.67639993513501        3.3614733898243773E-004
   499.60471324185841        3.3072874961406306E-004
   504.58212586290665        3.2659244626303033E-004
   509.60912696009012        3.2259790222893418E-004
   514.68621056859502        3.1863687260289225E-004
   519.81387564553245        3.1470876742268543E-004
   524.99262611897120        3.1081367713641672E-004
   530.22297093746943        3.0695101281704373E-004
   535.50542412008315        3.0312021428279966E-004
   540.84050480689154        2.9932134915651421E-004
   546.22873731000686        2.9555385860900014E-004
   551.67065116511071        2.9181721066221758E-004
   557.16678118348750        2.8811145233848727E-004
   562.71766750458676        2.8443605330052464E-004
   568.32385564910828        2.8079068303870779E-004
   573.98589657261186        2.7717484581135941E-004
   579.70434671965950        2.7358856249138790E-004
   585.47976807850910        2.7003133934984153E-004
   591.31272823633617        2.6650286117236633E-004
   597.20380043501768        2.6300281648679709E-004
   603.15356362747104        2.5993325620035011E-004
   609.16260253454845        2.5724539674495706E-004
   615.23150770249799        2.5457902261175823E-004
   621.36087556100836        2.5193390288937197E-004
   627.55130848181579        2.4930980943724907E-004
   633.80341483790608        2.4670651686249461E-004
   640.11780906330728        2.4412380249696510E-004
   646.49511171346410        2.4156144637455936E-004
   652.93594952623880        2.3901923120875533E-004
   659.44095548348787        2.3649694237033611E-004
   666.01076887327861        2.3399436786532288E-004
   672.64603535271851        2.3151129831308048E-004
   679.34740701139867        2.2904752692461412E-004
   686.11554243548937        2.2660284948099494E-004
   692.95110677245452        2.2417706431199734E-004
   699.85477179642351        2.2176997227481179E-004
   706.82721597421494        2.1938137673293916E-004
   713.86912453200421        2.1701108353519368E-004
   720.98118952267498        2.1465890099480950E-004
   728.16410989382700        2.1232463986868574E-004
   735.41859155646216        2.1000811333668246E-004
   742.74534745436858        2.0770913698105260E-004
   750.14509763417482        2.0542752876591747E-004
   757.61856931612488        2.0316310901684310E-004
   765.16649696553645        2.0091570040046134E-004
   772.78962236498603        1.9868512790416809E-004
   780.48869468721307        1.9647121881585236E-004
   788.26447056873519        1.9427380270368254E-004
   796.11771418421836        1.9209271139593458E-004
   804.04919732157271        1.9016357238947555E-004
   812.05969945779634        1.8847503701651121E-004
   820.15000783559015        1.8679893016495592E-004
   828.32091754071257        1.8513512230405532E-004
   836.57323158013105        1.8348348560067457E-004
   844.90776096092623        1.8184389390550341E-004
   853.32532477000063        1.8021622273933723E-004
   861.82675025457991        1.7860034927937016E-004
   870.41287290350022        1.7699615234555616E-004
   879.08453652933042        1.7540351238698912E-004
   887.84259335128502        1.7382231146831982E-004
   896.68790407898950        1.7225243325617583E-004
   905.62133799706271        1.7069376300564537E-004
   914.64377305054086        1.6914618754672602E-004
   923.75609593117201        1.6760959527083432E-004
   932.95920216454181        1.6608387611727381E-004
   942.25399619809787        1.6456892155975367E-004
   951.64139149002165        1.6306462459286572E-004
   961.12231059900591        1.6157087971859334E-004
   970.69768527492624        1.6008758293278700E-004
   980.36845655039610        1.5861463171164752E-004
   990.13557483326201        1.5715192499818158E-004
   1000.0000000000000        1.5569936318865810E-004
