1201 3.5
1.000E-03 0.999565 9.738E-05
1.012E-03 0.999553 1.016E-04
1.023E-03 0.999542 1.061E-04
1.035E-03 0.999531 1.106E-04
1.047E-03 0.99952 1.152E-04
1.059E-03 0.999509 1.200E-04
1.072E-03 0.999498 1.251E-04
1.084E-03 0.999487 1.304E-04
1.096E-03 0.999475 1.358E-04
1.109E-03 0.999464 1.415E-04
1.122E-03 0.999453 1.473E-04
1.135E-03 0.999441 1.535E-04
1.148E-03 0.99943 1.599E-04
1.161E-03 0.999418 1.666E-04
1.175E-03 0.999406 1.735E-04
1.189E-03 0.999394 1.806E-04
1.202E-03 0.999382 1.879E-04
1.216E-03 0.99937 1.953E-04
1.230E-03 0.999358 2.030E-04
1.245E-03 0.999346 2.110E-04
1.259E-03 0.999333 2.195E-04
1.274E-03 0.999321 2.283E-04
1.288E-03 0.999309 2.373E-04
1.303E-03 0.999296 2.466E-04
1.318E-03 0.999284 2.562E-04
1.334E-03 0.999271 2.663E-04
1.349E-03 0.999259 2.767E-04
1.365E-03 0.999248 2.875E-04
1.380E-03 0.999236 2.986E-04
1.396E-03 0.999226 3.102E-04
1.413E-03 0.999216 3.221E-04
1.429E-03 0.999208 3.344E-04
1.445E-03 0.999199 3.470E-04
1.462E-03 0.999194 3.600E-04
1.479E-03 0.999197 3.737E-04
1.496E-03 0.999184 3.514E-04
1.514E-03 0.999161 3.652E-04
1.531E-03 0.999143 3.796E-04
1.549E-03 0.999132 3.945E-04
1.567E-03 0.999124 4.099E-04
1.585E-03 0.999122 4.258E-04
1.603E-03 0.999125 4.422E-04
1.622E-03 0.999135 4.591E-04
1.641E-03 0.999149 4.764E-04
1.660E-03 0.999192 4.942E-04
1.679E-03 0.999224 2.814E-04
1.698E-03 0.999116 2.927E-04
1.718E-03 0.999066 3.042E-04
1.738E-03 0.999021 3.162E-04
1.758E-03 0.998979 3.288E-04
1.778E-03 0.998941 3.416E-04
1.799E-03 0.998909 3.547E-04
1.820E-03 0.998878 3.684E-04
1.841E-03 0.998848 3.827E-04
1.862E-03 0.998819 3.975E-04
1.884E-03 0.998792 4.128E-04
1.905E-03 0.998765 4.286E-04
1.928E-03 0.998736 4.447E-04
1.950E-03 0.998709 4.614E-04
1.972E-03 0.998683 4.786E-04
1.995E-03 0.998658 4.964E-04
2.018E-03 0.998636 5.148E-04
2.042E-03 0.998615 5.336E-04
2.065E-03 0.998595 5.530E-04
2.089E-03 0.998579 5.732E-04
2.113E-03 0.998566 5.939E-04
2.138E-03 0.998555 6.152E-04
2.163E-03 0.998546 6.370E-04
2.188E-03 0.99854 6.592E-04
2.213E-03 0.998535 6.819E-04
2.239E-03 0.998533 7.050E-04
2.265E-03 0.99855 7.287E-04
2.291E-03 0.998604 7.532E-04
2.317E-03 0.998793 7.783E-04
2.344E-03 0.998743 3.028E-04
2.371E-03 0.9986 3.146E-04
2.399E-03 0.998466 3.270E-04
2.427E-03 0.998342 3.401E-04
2.455E-03 0.998227 3.538E-04
2.483E-03 0.998124 3.679E-04
2.512E-03 0.998054 3.814E-04
2.541E-03 0.997984 3.959E-04
2.570E-03 0.997915 4.112E-04
2.600E-03 0.997847 4.273E-04
2.630E-03 0.99778 4.442E-04
2.661E-03 0.997713 4.619E-04
2.692E-03 0.997648 4.803E-04
2.723E-03 0.997583 4.994E-04
2.754E-03 0.997519 5.192E-04
2.786E-03 0.997449 5.398E-04
2.818E-03 0.997379 5.611E-04
2.851E-03 0.997308 5.831E-04
2.884E-03 0.997236 6.058E-04
2.917E-03 0.997164 6.291E-04
2.951E-03 0.997092 6.530E-04
2.985E-03 0.997019 6.775E-04
3.020E-03 0.996946 7.025E-04
3.055E-03 0.996872 7.281E-04
3.090E-03 0.996798 7.541E-04
3.126E-03 0.99672 7.823E-04
3.162E-03 0.996639 8.117E-04
3.199E-03 0.996557 8.420E-04
3.236E-03 0.996473 8.730E-04
3.273E-03 0.996389 9.049E-04
3.311E-03 0.996304 9.382E-04
3.350E-03 0.996216 9.727E-04
3.388E-03 0.996127 1.009E-03
3.428E-03 0.996037 1.045E-03
3.467E-03 0.995944 1.084E-03
3.508E-03 0.995849 1.123E-03
3.548E-03 0.995752 1.164E-03
3.589E-03 0.995653 1.206E-03
3.631E-03 0.995552 1.250E-03
3.673E-03 0.99545 1.295E-03
3.715E-03 0.995347 1.342E-03
3.758E-03 0.995241 1.390E-03
3.802E-03 0.995134 1.440E-03
3.846E-03 0.995024 1.491E-03
3.890E-03 0.994913 1.544E-03
3.935E-03 0.9948 1.599E-03
3.981E-03 0.994685 1.655E-03
4.027E-03 0.994567 1.714E-03
4.074E-03 0.994447 1.775E-03
4.121E-03 0.994326 1.837E-03
4.169E-03 0.994202 1.901E-03
4.217E-03 0.994076 1.968E-03
4.266E-03 0.993948 2.036E-03
4.315E-03 0.993817 2.108E-03
4.365E-03 0.993684 2.181E-03
4.416E-03 0.993549 2.256E-03
4.467E-03 0.993412 2.334E-03
4.519E-03 0.993272 2.414E-03
4.571E-03 0.99313 2.497E-03
4.624E-03 0.992985 2.583E-03
4.677E-03 0.992838 2.672E-03
4.732E-03 0.992689 2.764E-03
4.786E-03 0.992537 2.857E-03
4.842E-03 0.992384 2.954E-03
4.898E-03 0.992227 3.054E-03
4.954E-03 0.992068 3.158E-03
5.012E-03 0.991907 3.265E-03
5.070E-03 0.991742 3.376E-03
5.129E-03 0.991576 3.490E-03
5.188E-03 0.991407 3.606E-03
5.248E-03 0.991235 3.726E-03
5.309E-03 0.99106 3.850E-03
5.370E-03 0.990882 3.979E-03
5.433E-03 0.990703 4.112E-03
5.495E-03 0.990521 4.250E-03
5.559E-03 0.990337 4.391E-03
5.623E-03 0.990151 4.536E-03
5.689E-03 0.98996 4.688E-03
5.754E-03 0.98977 4.844E-03
5.821E-03 0.98958 5.005E-03
5.888E-03 0.98939 5.171E-03
5.957E-03 0.98919 5.341E-03
6.026E-03 0.989 5.514E-03
6.095E-03 0.9888 5.691E-03
6.166E-03 0.9886 5.872E-03
6.237E-03 0.9884 6.061E-03
6.310E-03 0.9882 6.257E-03
6.383E-03 0.988 6.459E-03
6.457E-03 0.98779 6.666E-03
6.531E-03 0.98758 6.877E-03
6.607E-03 0.98738 7.098E-03
6.683E-03 0.98718 7.326E-03
6.761E-03 0.98699 7.560E-03
6.839E-03 0.98679 7.800E-03
6.918E-03 0.9866 8.046E-03
6.998E-03 0.98642 8.298E-03
7.079E-03 0.98624 8.556E-03
7.161E-03 0.9861 8.824E-03
7.244E-03 0.986 9.100E-03
7.328E-03 0.98611 9.379E-03
7.413E-03 0.98594 8.849E-03
7.499E-03 0.98535 9.129E-03
7.586E-03 0.98498 9.417E-03
7.674E-03 0.98463 9.713E-03
7.762E-03 0.9843 1.002E-02
7.852E-03 0.98401 1.032E-02
7.943E-03 0.98371 1.064E-02
8.035E-03 0.98343 1.097E-02
8.128E-03 0.98315 1.130E-02
8.222E-03 0.98288 1.165E-02
8.318E-03 0.98261 1.200E-02
8.414E-03 0.98234 1.237E-02
8.511E-03 0.98208 1.274E-02
8.610E-03 0.98182 1.312E-02
8.710E-03 0.98157 1.352E-02
8.810E-03 0.98133 1.392E-02
8.913E-03 0.98107 1.433E-02
9.016E-03 0.98082 1.475E-02
9.120E-03 0.98059 1.518E-02
9.226E-03 0.98038 1.562E-02
9.333E-03 0.98019 1.607E-02
9.441E-03 0.98002 1.653E-02
9.550E-03 0.97987 1.699E-02
9.661E-03 0.97977 1.748E-02
9.772E-03 0.9797 1.797E-02
9.886E-03 0.97965 1.846E-02
1.000E-02 0.97964 1.897E-02
1.012E-02 0.97965 1.949E-02
1.023E-02 0.97968 2.001E-02
1.035E-02 0.9798 2.054E-02
1.047E-02 0.98029 2.107E-02
1.059E-02 0.98274 2.157E-02
1.072E-02 0.98253 1.684E-02
1.084E-02 0.9806 1.735E-02
1.096E-02 0.97891 1.786E-02
1.109E-02 0.97799 1.837E-02
1.122E-02 0.97714 1.889E-02
1.135E-02 0.97637 1.942E-02
1.148E-02 0.97566 1.996E-02
1.161E-02 0.97503 2.052E-02
1.175E-02 0.97447 2.108E-02
1.189E-02 0.97398 2.165E-02
1.202E-02 0.97355 2.223E-02
1.216E-02 0.97318 2.282E-02
1.230E-02 0.97288 2.342E-02
1.245E-02 0.97264 2.403E-02
1.259E-02 0.97248 2.465E-02
1.274E-02 0.97237 2.528E-02
1.288E-02 0.97206 2.482E-02
1.303E-02 0.97123 2.547E-02
1.318E-02 0.97083 2.611E-02
1.334E-02 0.97083 2.676E-02
1.349E-02 0.97015 2.606E-02
1.365E-02 0.96911 2.673E-02
1.380E-02 0.9682 2.742E-02
1.396E-02 0.9675 2.810E-02
1.413E-02 0.96681 2.880E-02
1.429E-02 0.96614 2.951E-02
1.445E-02 0.96548 3.024E-02
1.462E-02 0.96485 3.098E-02
1.479E-02 0.96422 3.172E-02
1.496E-02 0.9636 3.249E-02
1.514E-02 0.96298 3.327E-02
1.531E-02 0.96237 3.406E-02
1.549E-02 0.96176 3.487E-02
1.567E-02 0.96114 3.568E-02
1.585E-02 0.96052 3.651E-02
1.603E-02 0.9599 3.737E-02
1.622E-02 0.95928 3.824E-02
1.641E-02 0.95866 3.912E-02
1.660E-02 0.95803 4.003E-02
1.679E-02 0.95738 4.096E-02
1.698E-02 0.95676 4.191E-02
1.718E-02 0.95617 4.288E-02
1.738E-02 0.9556 4.388E-02
1.758E-02 0.95506 4.490E-02
1.778E-02 0.95459 4.594E-02
1.799E-02 0.95424 4.702E-02
1.820E-02 0.95396 4.813E-02
1.841E-02 0.95373 4.926E-02
1.862E-02 0.95357 5.041E-02
1.884E-02 0.95382 5.158E-02
1.905E-02 0.95423 4.821E-02
1.928E-02 0.95265 4.927E-02
1.950E-02 0.95106 5.037E-02
1.972E-02 0.94955 5.151E-02
1.995E-02 0.94811 5.267E-02
2.018E-02 0.94676 5.387E-02
2.042E-02 0.94548 5.509E-02
2.065E-02 0.94428 5.635E-02
2.089E-02 0.94315 5.762E-02
2.113E-02 0.94209 5.893E-02
2.138E-02 0.94109 6.025E-02
2.163E-02 0.94014 6.161E-02
2.188E-02 0.93913 6.299E-02
2.213E-02 0.93814 6.439E-02
2.239E-02 0.93723 6.584E-02
2.265E-02 0.9365 6.731E-02
2.291E-02 0.93606 6.885E-02
2.317E-02 0.93411 6.836E-02
2.344E-02 0.93217 7.021E-02
2.371E-02 0.93068 7.207E-02
2.399E-02 0.92933 7.394E-02
2.427E-02 0.928 7.584E-02
2.455E-02 0.9267 7.778E-02
2.483E-02 0.92544 7.976E-02
2.512E-02 0.9242 8.177E-02
2.541E-02 0.92299 8.381E-02
2.570E-02 0.92181 8.589E-02
2.600E-02 0.92065 8.801E-02
2.630E-02 0.9195 9.017E-02
2.661E-02 0.91837 9.236E-02
2.692E-02 0.91725 9.459E-02
2.723E-02 0.91611 9.682E-02
2.754E-02 0.91498 9.909E-02
2.786E-02 0.91386 1.014E-01
2.818E-02 0.91275 1.037E-01
2.851E-02 0.91166 1.062E-01
2.884E-02 0.91058 1.086E-01
2.917E-02 0.90951 1.111E-01
2.951E-02 0.90843 1.136E-01
2.985E-02 0.90735 1.162E-01
3.020E-02 0.90627 1.187E-01
3.055E-02 0.9052 1.213E-01
3.090E-02 0.90412 1.239E-01
3.126E-02 0.90306 1.266E-01
3.162E-02 0.902 1.293E-01
3.199E-02 0.90093 1.321E-01
3.236E-02 0.8999 1.349E-01
3.273E-02 0.8988 1.377E-01
3.311E-02 0.8977 1.405E-01
3.350E-02 0.8966 1.434E-01
3.388E-02 0.8955 1.463E-01
3.428E-02 0.8944 1.493E-01
3.467E-02 0.8932 1.522E-01
3.508E-02 0.8921 1.552E-01
3.548E-02 0.891 1.583E-01
3.589E-02 0.8898 1.613E-01
3.631E-02 0.8886 1.644E-01
3.673E-02 0.8875 1.676E-01
3.715E-02 0.8863 1.707E-01
3.758E-02 0.885 1.739E-01
3.802E-02 0.8838 1.772E-01
3.846E-02 0.8825 1.805E-01
3.890E-02 0.8811 1.838E-01
3.935E-02 0.8797 1.871E-01
3.981E-02 0.8782 1.905E-01
4.027E-02 0.8767 1.939E-01
4.074E-02 0.8752 1.974E-01
4.121E-02 0.8736 2.008E-01
4.169E-02 0.8719 2.044E-01
4.217E-02 0.8701 2.080E-01
4.266E-02 0.8683 2.116E-01
4.315E-02 0.8663 2.153E-01
4.365E-02 0.8642 2.190E-01
4.416E-02 0.862 2.228E-01
4.467E-02 0.8597 2.266E-01
4.519E-02 0.8573 2.305E-01
4.571E-02 0.8547 2.344E-01
4.624E-02 0.8519 2.384E-01
4.677E-02 0.849 2.425E-01
4.732E-02 0.8459 2.468E-01
4.786E-02 0.8425 2.511E-01
4.842E-02 0.8389 2.555E-01
4.898E-02 0.8349 2.601E-01
4.955E-02 0.8307 2.648E-01
5.012E-02 0.8262 2.696E-01
5.070E-02 0.8212 2.746E-01
5.129E-02 0.8158 2.798E-01
5.188E-02 0.81 2.852E-01
5.248E-02 0.8036 2.908E-01
5.309E-02 0.7965 2.969E-01
5.370E-02 0.7888 3.032E-01
5.432E-02 0.7819 3.091E-01
5.495E-02 0.7736 3.157E-01
5.559E-02 0.7631 3.238E-01
5.623E-02 0.7503 3.332E-01
5.689E-02 0.7269 3.420E-01
5.754E-02 0.7023 3.550E-01
5.821E-02 0.6787 3.729E-01
5.888E-02 0.6562 3.955E-01
5.957E-02 0.6416 4.342E-01
6.026E-02 0.6342 4.785E-01
6.095E-02 0.6321 5.245E-01
6.166E-02 0.6352 5.724E-01
6.237E-02 0.6464 6.163E-01
6.310E-02 0.6639 6.532E-01
6.383E-02 0.6844 6.872E-01
6.457E-02 0.7079 7.183E-01
6.531E-02 0.7341 7.463E-01
6.607E-02 0.7581 7.699E-01
6.683E-02 0.7826 7.911E-01
6.761E-02 0.8075 8.102E-01
6.839E-02 0.8328 8.272E-01
6.918E-02 0.858 8.427E-01
6.998E-02 0.8826 8.574E-01
7.079E-02 0.90739 8.709E-01
7.161E-02 0.93229 8.832E-01
7.244E-02 0.95729 8.943E-01
7.328E-02 0.98238 9.051E-01
7.413E-02 1.00773 9.155E-01
7.499E-02 1.03341 9.243E-01
7.586E-02 1.05939 9.315E-01
7.674E-02 1.08567 9.371E-01
7.762E-02 1.1133 9.406E-01
7.852E-02 1.146 9.393E-01
7.943E-02 1.1764 9.369E-01
8.035E-02 1.2046 9.336E-01
8.128E-02 1.2307 9.293E-01
8.222E-02 1.2547 9.241E-01
8.318E-02 1.272 9.188E-01
8.414E-02 1.282 9.142E-01
8.511E-02 1.2887 9.100E-01
8.610E-02 1.2921 9.062E-01
8.710E-02 1.2923 9.027E-01
8.810E-02 1.2894 8.995E-01
8.913E-02 1.2955 9.060E-01
9.016E-02 1.3133 9.238E-01
9.120E-02 1.3343 9.457E-01
9.226E-02 1.3618 9.550E-01
9.333E-02 1.3918 9.599E-01
9.441E-02 1.4192 9.621E-01
9.550E-02 1.4456 9.620E-01
9.661E-02 1.4709 9.605E-01
9.772E-02 1.4955 9.585E-01
9.886E-02 1.5197 9.574E-01
1.000E-01 1.5452 9.562E-01
1.012E-01 1.5741 9.554E-01
1.023E-01 1.6055 9.516E-01
1.035E-01 1.6417 9.418E-01
1.047E-01 1.6767 9.256E-01
1.059E-01 1.707 8.996E-01
1.072E-01 1.7297 8.707E-01
1.084E-01 1.7416 8.421E-01
1.096E-01 1.7458 8.181E-01
1.109E-01 1.7478 7.988E-01
1.122E-01 1.7523 7.885E-01
1.135E-01 1.759 7.818E-01
1.148E-01 1.7677 7.781E-01
1.161E-01 1.7816 7.718E-01
1.175E-01 1.7977 7.641E-01
1.189E-01 1.8158 7.536E-01
1.202E-01 1.8331 7.392E-01
1.216E-01 1.8492 7.217E-01
1.230E-01 1.8618 7.001E-01
1.245E-01 1.8697 6.768E-01
1.259E-01 1.8669 6.542E-01
1.274E-01 1.8556 6.371E-01
1.288E-01 1.8491 6.388E-01
1.303E-01 1.8527 6.505E-01
1.318E-01 1.87 6.471E-01
1.334E-01 1.8873 6.347E-01
1.349E-01 1.8891 6.177E-01
1.365E-01 1.8801 6.058E-01
1.380E-01 1.8614 6.115E-01
1.396E-01 1.8496 6.444E-01
1.413E-01 1.8755 7.100E-01
1.429E-01 1.9497 7.464E-01
1.445E-01 2.04 7.496E-01
1.462E-01 2.135 7.155E-01
1.479E-01 2.199 6.349E-01
1.496E-01 2.23 5.492E-01
1.514E-01 2.232 4.629E-01
1.531E-01 2.223 3.891E-01
1.549E-01 2.202 3.274E-01
1.567E-01 2.179 2.892E-01
1.585E-01 2.154 2.631E-01
1.603E-01 2.126 2.459E-01
1.622E-01 2.106 2.254E-01
1.641E-01 2.088 2.075E-01
1.660E-01 2.072 1.918E-01
1.679E-01 2.057 1.774E-01
1.698E-01 2.042 1.643E-01
1.718E-01 2.029 1.528E-01
1.738E-01 2.017 1.421E-01
1.758E-01 2.005 1.319E-01
1.778E-01 1.9932 1.222E-01
1.799E-01 1.9818 1.131E-01
1.820E-01 1.9705 1.040E-01
1.841E-01 1.9594 9.540E-02
1.862E-01 1.9485 8.739E-02
1.884E-01 1.9378 7.991E-02
1.905E-01 1.9273 7.319E-02
1.928E-01 1.9169 6.773E-02
1.950E-01 1.9068 6.288E-02
1.972E-01 1.897 5.863E-02
1.995E-01 1.8875 5.495E-02
2.018E-01 1.8788 5.140E-02
2.042E-01 1.8707 4.810E-02
2.065E-01 1.863 4.511E-02
2.089E-01 1.8557 4.244E-02
2.113E-01 1.8484 3.975E-02
2.138E-01 1.841 3.693E-02
2.163E-01 1.8339 3.444E-02
2.188E-01 1.8267 3.223E-02
2.213E-01 1.8196 3.027E-02
2.239E-01 1.8127 2.843E-02
2.265E-01 1.8059 2.737E-02
2.291E-01 1.7993 2.700E-02
2.317E-01 1.7932 2.684E-02
2.344E-01 1.7876 2.676E-02
2.371E-01 1.7823 2.681E-02
2.399E-01 1.7772 2.702E-02
2.427E-01 1.7729 2.751E-02
2.455E-01 1.7689 2.792E-02
2.483E-01 1.7651 2.822E-02
2.512E-01 1.7615 2.840E-02
2.541E-01 1.7581 2.848E-02
2.570E-01 1.7548 2.853E-02
2.600E-01 1.7517 2.857E-02
2.630E-01 1.7487 2.863E-02
2.661E-01 1.7458 2.868E-02
2.692E-01 1.743 2.874E-02
2.723E-01 1.7403 2.878E-02
2.754E-01 1.7378 2.883E-02
2.786E-01 1.7353 2.887E-02
2.818E-01 1.733 2.891E-02
2.851E-01 1.7307 2.895E-02
2.884E-01 1.7287 2.899E-02
2.917E-01 1.7267 2.902E-02
2.951E-01 1.7246 2.906E-02
2.985E-01 1.7227 2.910E-02
3.020E-01 1.7208 2.913E-02
3.055E-01 1.719 2.917E-02
3.090E-01 1.7172 2.920E-02
3.126E-01 1.7156 2.923E-02
3.162E-01 1.714 2.926E-02
3.199E-01 1.7125 2.929E-02
3.236E-01 1.7111 2.931E-02
3.273E-01 1.7097 2.934E-02
3.311E-01 1.7084 2.937E-02
3.350E-01 1.7071 2.940E-02
3.388E-01 1.7058 2.942E-02
3.428E-01 1.7046 2.945E-02
3.467E-01 1.7034 2.947E-02
3.508E-01 1.7022 2.950E-02
3.548E-01 1.7011 2.952E-02
3.589E-01 1.7 2.953E-02
3.631E-01 1.699 2.955E-02
3.673E-01 1.698 2.957E-02
3.715E-01 1.697 2.960E-02
3.758E-01 1.6961 2.962E-02
3.802E-01 1.6952 2.964E-02
3.846E-01 1.6943 2.967E-02
3.890E-01 1.6935 2.969E-02
3.936E-01 1.6927 2.971E-02
3.981E-01 1.6919 2.973E-02
4.027E-01 1.6912 2.975E-02
4.074E-01 1.6905 2.977E-02
4.121E-01 1.6898 2.978E-02
4.169E-01 1.6892 2.979E-02
4.217E-01 1.6885 2.980E-02
4.266E-01 1.6879 2.981E-02
4.315E-01 1.6874 2.982E-02
4.365E-01 1.6867 2.983E-02
4.416E-01 1.686 2.984E-02
4.467E-01 1.6855 2.985E-02
4.519E-01 1.685 2.987E-02
4.571E-01 1.6845 2.988E-02
4.624E-01 1.684 2.989E-02
4.677E-01 1.6835 2.990E-02
4.732E-01 1.6831 2.991E-02
4.786E-01 1.6826 2.992E-02
4.842E-01 1.6822 2.994E-02
4.898E-01 1.6818 2.995E-02
4.955E-01 1.6815 2.996E-02
5.012E-01 1.6811 2.997E-02
5.070E-01 1.6808 2.998E-02
5.129E-01 1.6804 2.999E-02
5.188E-01 1.6801 3.001E-02
5.248E-01 1.6798 3.002E-02
5.309E-01 1.6795 3.003E-02
5.370E-01 1.6792 3.004E-02
5.433E-01 1.6789 3.006E-02
5.495E-01 1.6786 3.007E-02
5.559E-01 1.6783 3.008E-02
5.623E-01 1.6781 3.009E-02
5.689E-01 1.6778 3.011E-02
5.754E-01 1.6776 3.012E-02
5.821E-01 1.6773 3.013E-02
5.888E-01 1.6771 3.015E-02
5.957E-01 1.6769 3.016E-02
6.026E-01 1.6767 3.017E-02
6.095E-01 1.6765 3.019E-02
6.166E-01 1.6763 3.020E-02
6.237E-01 1.6761 3.022E-02
6.310E-01 1.6759 3.023E-02
6.383E-01 1.6757 3.025E-02
6.457E-01 1.6755 3.026E-02
6.531E-01 1.6754 3.027E-02
6.607E-01 1.6752 3.029E-02
6.683E-01 1.6751 3.031E-02
6.761E-01 1.675 3.033E-02
6.839E-01 1.675 3.035E-02
6.918E-01 1.6749 3.037E-02
6.998E-01 1.6748 3.039E-02
7.079E-01 1.6747 3.041E-02
7.161E-01 1.6746 3.043E-02
7.244E-01 1.6745 3.045E-02
7.328E-01 1.6744 3.047E-02
7.413E-01 1.6743 3.049E-02
7.499E-01 1.6742 3.051E-02
7.586E-01 1.6741 3.054E-02
7.674E-01 1.6741 3.056E-02
7.762E-01 1.674 3.058E-02
7.852E-01 1.6739 3.060E-02
7.943E-01 1.6738 3.062E-02
8.035E-01 1.6738 3.064E-02
8.128E-01 1.6737 3.066E-02
8.222E-01 1.6737 3.068E-02
8.318E-01 1.6736 3.070E-02
8.414E-01 1.6736 3.072E-02
8.511E-01 1.6735 3.074E-02
8.610E-01 1.6735 3.076E-02
8.710E-01 1.6735 3.078E-02
8.810E-01 1.6734 3.080E-02
8.913E-01 1.6734 3.081E-02
9.016E-01 1.6734 3.083E-02
9.120E-01 1.6734 3.085E-02
9.226E-01 1.6734 3.087E-02
9.333E-01 1.6734 3.089E-02
9.441E-01 1.6734 3.091E-02
9.550E-01 1.6734 3.092E-02
9.661E-01 1.6734 3.094E-02
9.772E-01 1.6735 3.096E-02
9.886E-01 1.6735 3.098E-02
1.000E+00 1.6735 3.100E-02
1.012E+00 1.6735 3.102E-02
1.023E+00 1.6735 3.104E-02
1.035E+00 1.6735 3.107E-02
1.047E+00 1.6735 3.109E-02
1.059E+00 1.6735 3.111E-02
1.072E+00 1.6735 3.113E-02
1.084E+00 1.6735 3.116E-02
1.096E+00 1.6735 3.118E-02
1.109E+00 1.6735 3.121E-02
1.122E+00 1.6735 3.123E-02
1.135E+00 1.6735 3.125E-02
1.148E+00 1.6734 3.128E-02
1.161E+00 1.6734 3.130E-02
1.175E+00 1.6734 3.133E-02
1.189E+00 1.6733 3.135E-02
1.202E+00 1.6733 3.138E-02
1.216E+00 1.6732 3.141E-02
1.230E+00 1.6732 3.143E-02
1.245E+00 1.6731 3.146E-02
1.259E+00 1.6731 3.150E-02
1.274E+00 1.6731 3.154E-02
1.288E+00 1.6731 3.158E-02
1.303E+00 1.6731 3.163E-02
1.318E+00 1.6731 3.169E-02
1.334E+00 1.673 3.174E-02
1.349E+00 1.673 3.179E-02
1.365E+00 1.6729 3.185E-02
1.380E+00 1.6729 3.190E-02
1.396E+00 1.6729 3.195E-02
1.413E+00 1.6729 3.200E-02
1.429E+00 1.6728 3.205E-02
1.445E+00 1.6728 3.210E-02
1.462E+00 1.6728 3.215E-02
1.479E+00 1.6727 3.221E-02
1.496E+00 1.6727 3.226E-02
1.514E+00 1.6726 3.232E-02
1.531E+00 1.6726 3.237E-02
1.549E+00 1.6725 3.243E-02
1.567E+00 1.6725 3.248E-02
1.585E+00 1.6724 3.252E-02
1.603E+00 1.6724 3.257E-02
1.622E+00 1.6724 3.262E-02
1.641E+00 1.6723 3.267E-02
1.660E+00 1.6723 3.273E-02
1.679E+00 1.6722 3.278E-02
1.698E+00 1.6721 3.284E-02
1.718E+00 1.672 3.290E-02
1.738E+00 1.6719 3.296E-02
1.758E+00 1.6718 3.303E-02
1.778E+00 1.6717 3.310E-02
1.799E+00 1.6715 3.317E-02
1.820E+00 1.6714 3.325E-02
1.841E+00 1.6712 3.333E-02
1.862E+00 1.6711 3.341E-02
1.884E+00 1.6709 3.350E-02
1.905E+00 1.6707 3.358E-02
1.928E+00 1.6705 3.367E-02
1.950E+00 1.6704 3.376E-02
1.972E+00 1.6702 3.385E-02
1.995E+00 1.67 3.394E-02
2.018E+00 1.6698 3.403E-02
2.042E+00 1.6696 3.412E-02
2.065E+00 1.6694 3.422E-02
2.089E+00 1.6692 3.431E-02
2.113E+00 1.669 3.440E-02
2.138E+00 1.6688 3.449E-02
2.163E+00 1.6686 3.459E-02
2.188E+00 1.6684 3.469E-02
2.213E+00 1.6682 3.480E-02
2.239E+00 1.668 3.490E-02
2.265E+00 1.6677 3.501E-02
2.291E+00 1.6674 3.512E-02
2.317E+00 1.6671 3.523E-02
2.344E+00 1.6668 3.534E-02
2.371E+00 1.6665 3.545E-02
2.399E+00 1.6661 3.556E-02
2.427E+00 1.6658 3.567E-02
2.455E+00 1.6654 3.578E-02
2.483E+00 1.6651 3.589E-02
2.512E+00 1.6647 3.601E-02
2.541E+00 1.6644 3.613E-02
2.570E+00 1.664 3.626E-02
2.600E+00 1.6636 3.638E-02
2.630E+00 1.6631 3.651E-02
2.661E+00 1.6627 3.665E-02
2.692E+00 1.6622 3.678E-02
2.723E+00 1.6617 3.692E-02
2.754E+00 1.6612 3.706E-02
2.786E+00 1.6607 3.719E-02
2.818E+00 1.6601 3.734E-02
2.851E+00 1.6596 3.748E-02
2.884E+00 1.659 3.762E-02
2.917E+00 1.6584 3.777E-02
2.951E+00 1.6578 3.792E-02
2.985E+00 1.6572 3.807E-02
3.020E+00 1.6566 3.823E-02
3.055E+00 1.6559 3.838E-02
3.090E+00 1.6553 3.854E-02
3.126E+00 1.6546 3.872E-02
3.162E+00 1.6539 3.891E-02
3.199E+00 1.6532 3.911E-02
3.236E+00 1.6525 3.932E-02
3.273E+00 1.6518 3.952E-02
3.311E+00 1.651 3.970E-02
3.350E+00 1.6502 3.987E-02
3.388E+00 1.6494 4.004E-02
3.428E+00 1.6486 4.019E-02
3.467E+00 1.6478 4.034E-02
3.508E+00 1.6469 4.049E-02
3.548E+00 1.646 4.064E-02
3.589E+00 1.6451 4.079E-02
3.631E+00 1.6441 4.094E-02
3.673E+00 1.643 4.108E-02
3.715E+00 1.642 4.123E-02
3.758E+00 1.6408 4.138E-02
3.802E+00 1.6396 4.153E-02
3.846E+00 1.6384 4.167E-02
3.890E+00 1.6372 4.183E-02
3.936E+00 1.6359 4.198E-02
3.981E+00 1.6345 4.214E-02
4.027E+00 1.6331 4.229E-02
4.074E+00 1.6317 4.244E-02
4.121E+00 1.6302 4.258E-02
4.169E+00 1.6287 4.271E-02
4.217E+00 1.6271 4.282E-02
4.266E+00 1.6254 4.293E-02
4.315E+00 1.6237 4.305E-02
4.365E+00 1.6218 4.317E-02
4.416E+00 1.62 4.328E-02
4.467E+00 1.618 4.341E-02
4.519E+00 1.6159 4.355E-02
4.571E+00 1.6137 4.370E-02
4.624E+00 1.6115 4.386E-02
4.677E+00 1.6092 4.402E-02
4.732E+00 1.6068 4.418E-02
4.786E+00 1.6043 4.436E-02
4.842E+00 1.6017 4.456E-02
4.898E+00 1.599 4.476E-02
4.955E+00 1.5962 4.498E-02
5.012E+00 1.5934 4.520E-02
5.070E+00 1.5903 4.545E-02
5.129E+00 1.5871 4.572E-02
5.188E+00 1.5838 4.601E-02
5.248E+00 1.5804 4.633E-02
5.309E+00 1.5768 4.667E-02
5.370E+00 1.5731 4.704E-02
5.433E+00 1.5693 4.743E-02
5.495E+00 1.5654 4.784E-02
5.559E+00 1.5613 4.828E-02
5.623E+00 1.557 4.875E-02
5.689E+00 1.5527 4.925E-02
5.754E+00 1.5481 4.979E-02
5.821E+00 1.5433 5.035E-02
5.888E+00 1.5383 5.093E-02
5.957E+00 1.533 5.155E-02
6.026E+00 1.5276 5.218E-02
6.095E+00 1.5218 5.283E-02
6.166E+00 1.5159 5.350E-02
6.237E+00 1.5097 5.411E-02
6.310E+00 1.5032 5.466E-02
6.383E+00 1.4964 5.516E-02
6.457E+00 1.4892 5.559E-02
6.531E+00 1.4815 5.598E-02
6.607E+00 1.4733 5.632E-02
6.683E+00 1.4643 5.662E-02
6.761E+00 1.4547 5.684E-02
6.839E+00 1.4443 5.705E-02
6.918E+00 1.4329 5.728E-02
6.998E+00 1.4203 5.758E-02
7.079E+00 1.4065 5.813E-02
7.161E+00 1.3911 5.883E-02
7.244E+00 1.3737 6.052E-02
7.328E+00 1.3542 6.294E-02
7.413E+00 1.3322 6.696E-02
7.499E+00 1.3084 7.324E-02
7.586E+00 1.2825 8.249E-02
7.674E+00 1.2555 9.562E-02
7.762E+00 1.2272 1.125E-01
7.852E+00 1.1979 1.342E-01
7.943E+00 1.1703 1.606E-01
8.035E+00 1.1456 1.920E-01
8.128E+00 1.1257 2.285E-01
8.222E+00 1.1094 2.694E-01
8.318E+00 1.09903 3.105E-01
8.414E+00 1.09473 3.477E-01
8.511E+00 1.0899 3.811E-01
8.610E+00 1.08225 4.143E-01
8.710E+00 1.07199 4.513E-01
8.810E+00 1.06212 4.947E-01
8.913E+00 1.0561 5.449E-01
9.016E+00 1.05721 6.006E-01
9.120E+00 1.06774 6.594E-01
9.226E+00 1.08885 7.175E-01
9.333E+00 1.1196 7.716E-01
9.441E+00 1.1579 8.190E-01
9.550E+00 1.201 8.579E-01
9.661E+00 1.2456 8.877E-01
9.772E+00 1.2877 9.096E-01
9.886E+00 1.3254 9.286E-01
1.000E+01 1.3598 9.466E-01
1.012E+01 1.3927 9.674E-01
1.023E+01 1.4288 9.911E-01
1.035E+01 1.4721 1.015E+00
1.047E+01 1.5239 1.032E+00
1.059E+01 1.5784 1.038E+00
1.072E+01 1.6293 1.034E+00
1.084E+01 1.6724 1.025E+00
1.096E+01 1.7112 1.016E+00
1.109E+01 1.7486 1.007E+00
1.122E+01 1.7861 9.951E-01
1.135E+01 1.8203 9.800E-01
1.148E+01 1.8512 9.635E-01
1.161E+01 1.881 9.492E-01
1.175E+01 1.9123 9.329E-01
1.189E+01 1.9446 9.122E-01
1.202E+01 1.973 8.860E-01
1.216E+01 1.9964 8.552E-01
1.230E+01 2.014 8.265E-01
1.245E+01 2.031 7.982E-01
1.259E+01 2.046 7.677E-01
1.274E+01 2.056 7.338E-01
1.288E+01 2.061 6.985E-01
1.303E+01 2.062 6.649E-01
1.318E+01 2.058 6.327E-01
1.334E+01 2.052 6.006E-01
1.349E+01 2.041 5.690E-01
1.365E+01 2.023 5.377E-01
1.380E+01 1.9991 5.100E-01
1.396E+01 1.9694 4.890E-01
1.413E+01 1.9365 4.748E-01
1.429E+01 1.9034 4.683E-01
1.445E+01 1.8712 4.684E-01
1.462E+01 1.8419 4.738E-01
1.479E+01 1.8153 4.837E-01
1.496E+01 1.7925 4.952E-01
1.514E+01 1.7716 5.081E-01
1.531E+01 1.7512 5.229E-01
1.549E+01 1.7329 5.395E-01
1.567E+01 1.717 5.581E-01
1.585E+01 1.7027 5.782E-01
1.603E+01 1.6893 5.995E-01
1.622E+01 1.6776 6.221E-01
1.641E+01 1.6683 6.466E-01
1.660E+01 1.6616 6.727E-01
1.679E+01 1.6569 6.995E-01
1.698E+01 1.6536 7.260E-01
1.718E+01 1.6525 7.531E-01
1.738E+01 1.6543 7.822E-01
1.758E+01 1.6587 8.117E-01
1.778E+01 1.6653 8.408E-01
1.799E+01 1.674 8.686E-01
1.820E+01 1.6852 8.960E-01
1.841E+01 1.6999 9.243E-01
1.862E+01 1.7172 9.517E-01
1.884E+01 1.7365 9.772E-01
1.905E+01 1.757 9.992E-01
1.928E+01 1.7793 1.019E+00
1.950E+01 1.804 1.037E+00
1.972E+01 1.8306 1.053E+00
1.995E+01 1.8587 1.067E+00
2.018E+01 1.8844 1.075E+00
2.042E+01 1.907 1.079E+00
2.065E+01 1.9267 1.086E+00
2.089E+01 1.9474 1.093E+00
2.113E+01 1.9686 1.100E+00
2.138E+01 1.989 1.104E+00
2.163E+01 2.007 1.109E+00
2.188E+01 2.025 1.114E+00
2.213E+01 2.045 1.120E+00
2.239E+01 2.067 1.123E+00
2.265E+01 2.087 1.124E+00
2.291E+01 2.104 1.124E+00
2.317E+01 2.12 1.126E+00
2.344E+01 2.136 1.129E+00
2.371E+01 2.154 1.131E+00
2.399E+01 2.171 1.132E+00
2.427E+01 2.186 1.133E+00
2.455E+01 2.204 1.136E+00
2.483E+01 2.222 1.139E+00
2.512E+01 2.239 1.140E+00
2.541E+01 2.255 1.138E+00
2.570E+01 2.271 1.137E+00
2.600E+01 2.286 1.136E+00
2.630E+01 2.302 1.135E+00
2.661E+01 2.318 1.133E+00
2.692E+01 2.333 1.132E+00
2.723E+01 2.348 1.130E+00
2.754E+01 2.364 1.129E+00
2.786E+01 2.379 1.128E+00
2.818E+01 2.394 1.127E+00
2.851E+01 2.409 1.126E+00
2.884E+01 2.424 1.125E+00
2.917E+01 2.439 1.124E+00
2.951E+01 2.453 1.122E+00
2.985E+01 2.468 1.121E+00
3.020E+01 2.482 1.118E+00
3.055E+01 2.497 1.116E+00
3.090E+01 2.511 1.112E+00
3.126E+01 2.525 1.109E+00
3.162E+01 2.539 1.106E+00
3.199E+01 2.552 1.103E+00
3.236E+01 2.565 1.099E+00
3.273E+01 2.578 1.096E+00
3.311E+01 2.591 1.092E+00
3.350E+01 2.604 1.088E+00
3.388E+01 2.615 1.085E+00
3.428E+01 2.627 1.081E+00
3.467E+01 2.638 1.077E+00
3.508E+01 2.649 1.074E+00
3.548E+01 2.661 1.070E+00
3.589E+01 2.672 1.067E+00
3.631E+01 2.682 1.063E+00
3.673E+01 2.693 1.059E+00
3.715E+01 2.704 1.056E+00
3.758E+01 2.714 1.052E+00
3.802E+01 2.726 1.048E+00
3.846E+01 2.739 1.045E+00
3.890E+01 2.751 1.041E+00
3.936E+01 2.763 1.038E+00
3.981E+01 2.776 1.034E+00
4.027E+01 2.788 1.030E+00
4.074E+01 2.8 1.027E+00
4.121E+01 2.813 1.023E+00
4.169E+01 2.825 1.018E+00
4.217E+01 2.837 1.013E+00
4.266E+01 2.848 1.008E+00
4.315E+01 2.86 1.003E+00
4.365E+01 2.871 9.974E-01
4.416E+01 2.882 9.917E-01
4.467E+01 2.893 9.859E-01
4.519E+01 2.904 9.800E-01
4.571E+01 2.915 9.741E-01
4.624E+01 2.926 9.680E-01
4.677E+01 2.936 9.619E-01
4.732E+01 2.947 9.558E-01
4.786E+01 2.957 9.495E-01
4.842E+01 2.967 9.431E-01
4.898E+01 2.977 9.367E-01
4.955E+01 2.987 9.302E-01
5.012E+01 2.997 9.237E-01
5.070E+01 3.007 9.170E-01
5.129E+01 3.016 9.102E-01
5.188E+01 3.025 9.034E-01
5.248E+01 3.034 8.964E-01
5.309E+01 3.043 8.894E-01
5.370E+01 3.052 8.823E-01
5.433E+01 3.061 8.752E-01
5.495E+01 3.07 8.680E-01
5.559E+01 3.078 8.608E-01
5.623E+01 3.086 8.535E-01
5.689E+01 3.095 8.461E-01
5.754E+01 3.103 8.387E-01
5.821E+01 3.111 8.313E-01
5.888E+01 3.118 8.238E-01
5.957E+01 3.126 8.163E-01
6.026E+01 3.133 8.088E-01
6.095E+01 3.14 8.013E-01
6.166E+01 3.147 7.937E-01
6.237E+01 3.154 7.862E-01
6.310E+01 3.16 7.786E-01
6.383E+01 3.167 7.711E-01
6.457E+01 3.174 7.635E-01
6.531E+01 3.18 7.559E-01
6.607E+01 3.186 7.483E-01
6.683E+01 3.192 7.408E-01
6.761E+01 3.197 7.333E-01
6.839E+01 3.203 7.258E-01
6.918E+01 3.209 7.183E-01
6.998E+01 3.215 7.108E-01
7.079E+01 3.22 7.034E-01
7.161E+01 3.225 6.960E-01
7.244E+01 3.23 6.887E-01
7.328E+01 3.235 6.813E-01
7.413E+01 3.24 6.740E-01
7.499E+01 3.244 6.668E-01
7.586E+01 3.248 6.596E-01
7.674E+01 3.253 6.525E-01
7.762E+01 3.257 6.454E-01
7.852E+01 3.261 6.384E-01
7.943E+01 3.265 6.313E-01
8.035E+01 3.269 6.244E-01
8.128E+01 3.272 6.175E-01
8.222E+01 3.276 6.106E-01
8.318E+01 3.28 6.038E-01
8.414E+01 3.283 5.970E-01
8.511E+01 3.287 5.904E-01
8.610E+01 3.29 5.837E-01
8.710E+01 3.293 5.772E-01
8.810E+01 3.297 5.707E-01
8.913E+01 3.3 5.642E-01
9.016E+01 3.303 5.578E-01
9.120E+01 3.305 5.515E-01
9.226E+01 3.308 5.452E-01
9.333E+01 3.311 5.390E-01
9.441E+01 3.314 5.329E-01
9.550E+01 3.316 5.268E-01
9.661E+01 3.319 5.208E-01
9.772E+01 3.321 5.148E-01
9.886E+01 3.324 5.089E-01
1.000E+02 3.326 5.030E-01
1.012E+02 3.328 4.973E-01
1.023E+02 3.33 4.915E-01
1.035E+02 3.332 4.859E-01
1.047E+02 3.335 4.803E-01
1.059E+02 3.337 4.747E-01
1.072E+02 3.339 4.693E-01
1.084E+02 3.341 4.639E-01
1.096E+02 3.343 4.585E-01
1.109E+02 3.345 4.532E-01
1.122E+02 3.346 4.480E-01
1.135E+02 3.348 4.428E-01
1.148E+02 3.35 4.376E-01
1.161E+02 3.351 4.326E-01
1.175E+02 3.352 4.276E-01
1.189E+02 3.354 4.226E-01
1.202E+02 3.355 4.177E-01
1.216E+02 3.357 4.129E-01
1.230E+02 3.358 4.081E-01
1.245E+02 3.359 4.034E-01
1.259E+02 3.361 3.987E-01
1.274E+02 3.362 3.940E-01
1.288E+02 3.363 3.895E-01
1.303E+02 3.364 3.850E-01
1.318E+02 3.366 3.805E-01
1.334E+02 3.367 3.761E-01
1.349E+02 3.368 3.717E-01
1.365E+02 3.369 3.674E-01
1.380E+02 3.37 3.631E-01
1.396E+02 3.371 3.589E-01
1.413E+02 3.372 3.547E-01
1.429E+02 3.373 3.506E-01
1.445E+02 3.374 3.465E-01
1.462E+02 3.375 3.425E-01
1.479E+02 3.376 3.385E-01
1.496E+02 3.377 3.345E-01
1.514E+02 3.378 3.306E-01
1.531E+02 3.379 3.268E-01
1.549E+02 3.379 3.230E-01
1.567E+02 3.38 3.193E-01
1.585E+02 3.381 3.155E-01
1.603E+02 3.382 3.119E-01
1.622E+02 3.383 3.083E-01
1.641E+02 3.383 3.047E-01
1.660E+02 3.384 3.011E-01
1.679E+02 3.385 2.977E-01
1.698E+02 3.385 2.942E-01
1.718E+02 3.386 2.908E-01
1.738E+02 3.387 2.874E-01
1.758E+02 3.387 2.841E-01
1.778E+02 3.388 2.808E-01
1.799E+02 3.388 2.776E-01
1.820E+02 3.389 2.744E-01
1.841E+02 3.389 2.712E-01
1.862E+02 3.39 2.680E-01
1.884E+02 3.39 2.650E-01
1.905E+02 3.391 2.619E-01
1.928E+02 3.391 2.589E-01
1.950E+02 3.392 2.559E-01
1.972E+02 3.392 2.529E-01
1.995E+02 3.393 2.500E-01
2.018E+02 3.393 2.471E-01
2.042E+02 3.394 2.443E-01
2.065E+02 3.394 2.414E-01
2.089E+02 3.395 2.386E-01
2.113E+02 3.395 2.359E-01
2.138E+02 3.396 2.332E-01
2.163E+02 3.396 2.305E-01
2.188E+02 3.397 2.278E-01
2.213E+02 3.397 2.252E-01
2.239E+02 3.398 2.226E-01
2.265E+02 3.398 2.200E-01
2.291E+02 3.398 2.175E-01
2.317E+02 3.399 2.150E-01
2.344E+02 3.399 2.125E-01
2.371E+02 3.399 2.100E-01
2.399E+02 3.4 2.076E-01
2.427E+02 3.4 2.052E-01
2.455E+02 3.4 2.028E-01
2.483E+02 3.401 2.005E-01
2.512E+02 3.401 1.982E-01
2.541E+02 3.401 1.959E-01
2.570E+02 3.402 1.936E-01
2.600E+02 3.402 1.914E-01
2.630E+02 3.402 1.892E-01
2.661E+02 3.402 1.870E-01
2.692E+02 3.402 1.848E-01
2.723E+02 3.403 1.827E-01
2.754E+02 3.403 1.806E-01
2.786E+02 3.403 1.785E-01
2.818E+02 3.403 1.765E-01
2.851E+02 3.403 1.744E-01
2.884E+02 3.404 1.724E-01
2.917E+02 3.404 1.704E-01
2.951E+02 3.404 1.685E-01
2.985E+02 3.404 1.665E-01
3.020E+02 3.404 1.646E-01
3.055E+02 3.404 1.627E-01
3.090E+02 3.405 1.608E-01
3.126E+02 3.405 1.590E-01
3.162E+02 3.405 1.571E-01
3.199E+02 3.405 1.553E-01
3.236E+02 3.405 1.535E-01
3.273E+02 3.406 1.518E-01
3.311E+02 3.406 1.500E-01
3.350E+02 3.406 1.483E-01
3.388E+02 3.406 1.466E-01
3.428E+02 3.406 1.449E-01
3.467E+02 3.407 1.432E-01
3.508E+02 3.407 1.416E-01
3.548E+02 3.407 1.400E-01
3.589E+02 3.407 1.384E-01
3.631E+02 3.407 1.368E-01
3.673E+02 3.407 1.352E-01
3.715E+02 3.407 1.336E-01
3.758E+02 3.407 1.321E-01
3.802E+02 3.408 1.306E-01
3.846E+02 3.408 1.291E-01
3.890E+02 3.408 1.276E-01
3.936E+02 3.408 1.261E-01
3.981E+02 3.408 1.247E-01
4.027E+02 3.408 1.233E-01
4.074E+02 3.408 1.218E-01
4.121E+02 3.408 1.204E-01
4.169E+02 3.408 1.191E-01
4.217E+02 3.408 1.177E-01
4.266E+02 3.408 1.163E-01
4.315E+02 3.409 1.150E-01
4.365E+02 3.409 1.137E-01
4.416E+02 3.409 1.124E-01
4.467E+02 3.409 1.111E-01
4.519E+02 3.409 1.098E-01
4.571E+02 3.409 1.086E-01
4.624E+02 3.409 1.073E-01
4.677E+02 3.409 1.061E-01
4.732E+02 3.41 1.049E-01
4.786E+02 3.41 1.037E-01
4.842E+02 3.41 1.025E-01
4.898E+02 3.41 1.013E-01
4.955E+02 3.41 1.001E-01
5.012E+02 3.41 9.900E-02
5.070E+02 3.41 9.787E-02
5.129E+02 3.41 9.674E-02
5.188E+02 3.41 9.563E-02
5.248E+02 3.41 9.454E-02
5.309E+02 3.41 9.345E-02
5.370E+02 3.41 9.238E-02
5.433E+02 3.41 9.132E-02
5.495E+02 3.41 9.028E-02
5.559E+02 3.41 8.924E-02
5.623E+02 3.41 8.822E-02
5.689E+02 3.411 8.721E-02
5.754E+02 3.411 8.621E-02
5.821E+02 3.411 8.522E-02
5.888E+02 3.411 8.424E-02
5.957E+02 3.411 8.328E-02
6.026E+02 3.411 8.232E-02
6.095E+02 3.411 8.138E-02
6.166E+02 3.411 8.044E-02
6.237E+02 3.411 7.952E-02
6.310E+02 3.411 7.861E-02
6.383E+02 3.411 7.771E-02
6.457E+02 3.411 7.682E-02
6.531E+02 3.411 7.594E-02
6.607E+02 3.411 7.507E-02
6.683E+02 3.411 7.421E-02
6.761E+02 3.411 7.336E-02
6.839E+02 3.411 7.252E-02
6.918E+02 3.411 7.169E-02
6.998E+02 3.411 7.086E-02
7.079E+02 3.411 7.005E-02
7.161E+02 3.411 6.925E-02
7.244E+02 3.411 6.846E-02
7.328E+02 3.411 6.767E-02
7.413E+02 3.411 6.690E-02
7.499E+02 3.411 6.613E-02
7.586E+02 3.411 6.537E-02
7.674E+02 3.411 6.462E-02
7.762E+02 3.411 6.388E-02
7.852E+02 3.411 6.315E-02
7.943E+02 3.411 6.243E-02
8.035E+02 3.411 6.171E-02
8.128E+02 3.411 6.101E-02
8.222E+02 3.411 6.031E-02
8.318E+02 3.412 5.962E-02
8.414E+02 3.412 5.893E-02
8.511E+02 3.412 5.826E-02
8.610E+02 3.412 5.759E-02
8.710E+02 3.412 5.693E-02
8.810E+02 3.412 5.628E-02
8.913E+02 3.412 5.564E-02
9.016E+02 3.412 5.500E-02
9.120E+02 3.412 5.437E-02
9.226E+02 3.412 5.375E-02
9.333E+02 3.412 5.313E-02
9.441E+02 3.412 5.252E-02
9.550E+02 3.412 5.192E-02
9.661E+02 3.412 5.133E-02
9.772E+02 3.412 5.074E-02
9.886E+02 3.412 5.016E-02
1.000E+03 3.412 4.958E-02
