1201 3.5
1.0000E-03 0.999565 9.7381E-05
1.0116E-03 0.999554 1.0162E-04
1.0233E-03 0.999543 1.0605E-04
1.0351E-03 0.999531 1.1063E-04
1.0471E-03 0.99952 1.1522E-04
1.0593E-03 0.999509 1.2005E-04
1.0715E-03 0.999498 1.2509E-04
1.0839E-03 0.999487 1.3036E-04
1.0965E-03 0.999476 1.3582E-04
1.1092E-03 0.999465 1.4149E-04
1.1220E-03 0.999453 1.4734E-04
1.1350E-03 0.999442 1.5348E-04
1.1482E-03 0.99943 1.5991E-04
1.1614E-03 0.999418 1.6657E-04
1.1749E-03 0.999407 1.7346E-04
1.1885E-03 0.999395 1.8055E-04
1.2023E-03 0.999383 1.8785E-04
1.2162E-03 0.999371 1.9535E-04
1.2303E-03 0.999358 2.0303E-04
1.2445E-03 0.999346 2.1102E-04
1.2589E-03 0.999334 2.1953E-04
1.2735E-03 0.999322 2.2830E-04
1.2882E-03 0.999309 2.3733E-04
1.3032E-03 0.999297 2.4659E-04
1.3183E-03 0.999284 2.5625E-04
1.3335E-03 0.999272 2.6629E-04
1.3490E-03 0.99926 2.7671E-04
1.3646E-03 0.999248 2.8747E-04
1.3804E-03 0.999237 2.9859E-04
1.3964E-03 0.999227 3.1017E-04
1.4125E-03 0.999217 3.2212E-04
1.4289E-03 0.999208 3.3440E-04
1.4454E-03 0.9992 3.4702E-04
1.4622E-03 0.999195 3.6001E-04
1.4791E-03 0.999198 3.7366E-04
1.4962E-03 0.999184 3.5142E-04
1.5136E-03 0.999161 3.6520E-04
1.5311E-03 0.999144 3.7956E-04
1.5488E-03 0.999132 3.9446E-04
1.5668E-03 0.999124 4.0989E-04
1.5849E-03 0.999123 4.2582E-04
1.6032E-03 0.999126 4.4223E-04
1.6218E-03 0.999136 4.5910E-04
1.6406E-03 0.99915 4.7642E-04
1.6596E-03 0.999192 4.9422E-04
1.6788E-03 0.999225 2.8142E-04
1.6982E-03 0.999117 2.9270E-04
1.7179E-03 0.999067 3.0421E-04
1.7378E-03 0.999022 3.1624E-04
1.7579E-03 0.99898 3.2876E-04
1.7783E-03 0.998942 3.4160E-04
1.7989E-03 0.99891 3.5472E-04
1.8197E-03 0.998879 3.6842E-04
1.8408E-03 0.998849 3.8269E-04
1.8621E-03 0.99882 3.9749E-04
1.8836E-03 0.998793 4.1282E-04
1.9055E-03 0.998766 4.2864E-04
1.9275E-03 0.998737 4.4473E-04
1.9498E-03 0.99871 4.6140E-04
1.9724E-03 0.998684 4.7864E-04
1.9953E-03 0.99866 4.9644E-04
2.0184E-03 0.998637 5.1478E-04
2.0417E-03 0.998615 5.3363E-04
2.0654E-03 0.998596 5.5296E-04
2.0893E-03 0.99858 5.7316E-04
2.1135E-03 0.998567 5.9391E-04
2.1380E-03 0.998556 6.1518E-04
2.1627E-03 0.998547 6.3695E-04
2.1878E-03 0.998541 6.5920E-04
2.2131E-03 0.998536 6.8189E-04
2.2387E-03 0.998534 7.0501E-04
2.2646E-03 0.998551 7.2873E-04
2.2909E-03 0.998605 7.5319E-04
2.3174E-03 0.998793 7.7834E-04
2.3442E-03 0.998743 3.0277E-04
2.3714E-03 0.9986 3.1456E-04
2.3988E-03 0.998467 3.2700E-04
2.4266E-03 0.998343 3.4009E-04
2.4547E-03 0.998229 3.5378E-04
2.4831E-03 0.998126 3.6788E-04
2.5119E-03 0.998056 3.8142E-04
2.5410E-03 0.997986 3.9586E-04
2.5704E-03 0.997918 4.1116E-04
2.6002E-03 0.99785 4.2729E-04
2.6303E-03 0.997782 4.4420E-04
2.6607E-03 0.997716 4.6188E-04
2.6915E-03 0.997651 4.8029E-04
2.7227E-03 0.997586 4.9940E-04
2.7542E-03 0.997522 5.1918E-04
2.7861E-03 0.997452 5.3978E-04
2.8184E-03 0.997382 5.6110E-04
2.8510E-03 0.997311 5.8311E-04
2.8840E-03 0.997239 6.0577E-04
2.9174E-03 0.997167 6.2906E-04
2.9512E-03 0.997095 6.5295E-04
2.9854E-03 0.997022 6.7742E-04
3.0200E-03 0.996949 7.0244E-04
3.0549E-03 0.996875 7.2798E-04
3.0903E-03 0.996801 7.5402E-04
3.1261E-03 0.996723 7.8216E-04
3.1623E-03 0.996642 8.1166E-04
3.1989E-03 0.99656 8.4195E-04
3.2359E-03 0.996476 8.7301E-04
3.2734E-03 0.996392 9.0490E-04
3.3113E-03 0.996306 9.3819E-04
3.3497E-03 0.996218 9.7275E-04
3.3884E-03 0.996128 1.0085E-03
3.4277E-03 0.996037 1.0454E-03
3.4674E-03 0.995945 1.0835E-03
3.5075E-03 0.99585 1.1231E-03
3.5481E-03 0.995754 1.1640E-03
3.5892E-03 0.995656 1.2064E-03
3.6308E-03 0.995556 1.2502E-03
3.6728E-03 0.995455 1.2951E-03
3.7154E-03 0.995351 1.3416E-03
3.7584E-03 0.995246 1.3898E-03
3.8019E-03 0.995139 1.4397E-03
3.8459E-03 0.995029 1.4911E-03
3.8904E-03 0.994918 1.5440E-03
3.9355E-03 0.994805 1.5987E-03
3.9811E-03 0.99469 1.6554E-03
4.0272E-03 0.994572 1.7142E-03
4.0738E-03 0.994452 1.7748E-03
4.1210E-03 0.994331 1.8372E-03
4.1687E-03 0.994207 1.9012E-03
4.2170E-03 0.994081 1.9676E-03
4.2658E-03 0.993953 2.0364E-03
4.3152E-03 0.993822 2.1076E-03
4.3652E-03 0.993689 2.1809E-03
4.4157E-03 0.993554 2.2564E-03
4.4668E-03 0.993417 2.3338E-03
4.5186E-03 0.993277 2.4140E-03
4.5709E-03 0.993135 2.4972E-03
4.6238E-03 0.99299 2.5833E-03
4.6773E-03 0.992843 2.6721E-03
4.7315E-03 0.992694 2.7635E-03
4.7863E-03 0.992542 2.8572E-03
4.8417E-03 0.992389 2.9538E-03
4.8978E-03 0.992232 3.0540E-03
4.9545E-03 0.992073 3.1579E-03
5.0119E-03 0.991911 3.2653E-03
5.0699E-03 0.991747 3.3759E-03
5.1286E-03 0.991581 3.4897E-03
5.1880E-03 0.991412 3.6060E-03
5.2481E-03 0.99124 3.7258E-03
5.3088E-03 0.991066 3.8502E-03
5.3703E-03 0.990889 3.9792E-03
5.4325E-03 0.990711 4.1124E-03
5.4954E-03 0.990529 4.2498E-03
5.5590E-03 0.990346 4.3911E-03
5.6234E-03 0.990161 4.5362E-03
5.6885E-03 0.989974 4.6877E-03
5.7544E-03 0.989784 4.8443E-03
5.8210E-03 0.989593 5.0055E-03
5.8884E-03 0.9894 5.1710E-03
5.9566E-03 0.989205 5.3406E-03
6.0256E-03 0.989009 5.5141E-03
6.0954E-03 0.988812 5.6914E-03
6.1659E-03 0.988613 5.8723E-03
6.2373E-03 0.988413 6.0607E-03
6.3096E-03 0.988212 6.2574E-03
6.3826E-03 0.98801 6.4591E-03
6.4565E-03 0.987808 6.6656E-03
6.5313E-03 0.987604 6.8769E-03
6.6069E-03 0.987402 7.0985E-03
6.6834E-03 0.987201 7.3263E-03
6.7608E-03 0.987001 7.5602E-03
6.8391E-03 0.986802 7.7999E-03
6.9183E-03 0.986608 8.0456E-03
6.9984E-03 0.986426 8.2978E-03
7.0795E-03 0.986251 8.5559E-03
7.1614E-03 0.986116 8.8241E-03
7.2444E-03 0.986015 9.1003E-03
7.3282E-03 0.986118 9.3788E-03
7.4131E-03 0.985956 8.8493E-03
7.4989E-03 0.985368 9.1291E-03
7.5858E-03 0.985002 9.4166E-03
7.6736E-03 0.984653 9.7129E-03
7.7625E-03 0.984324 1.0016E-02
7.8524E-03 0.984025 1.0323E-02
7.9433E-03 0.983734 1.0639E-02
8.0353E-03 0.983449 1.0967E-02
8.1283E-03 0.983172 1.1303E-02
8.2224E-03 0.982901 1.1650E-02
8.3176E-03 0.982631 1.2004E-02
8.4139E-03 0.982363 1.2367E-02
8.5114E-03 0.982102 1.2740E-02
8.6099E-03 0.981847 1.3124E-02
8.7096E-03 0.981599 1.3516E-02
8.8105E-03 0.981356 1.3918E-02
8.9125E-03 0.981103 1.4327E-02
9.0157E-03 0.980853 1.4747E-02
9.1201E-03 0.980624 1.5178E-02
9.2257E-03 0.980413 1.5618E-02
9.3325E-03 0.980222 1.6068E-02
9.4406E-03 0.980049 1.6527E-02
9.5499E-03 0.979897 1.6995E-02
9.6605E-03 0.979798 1.7476E-02
9.7724E-03 0.979727 1.7966E-02
9.8855E-03 0.979685 1.8465E-02
1.0000E-02 0.979668 1.8971E-02
1.0116E-02 0.979678 1.9486E-02
1.0233E-02 0.979713 2.0008E-02
1.0351E-02 0.979829 2.0536E-02
1.0471E-02 0.980322 2.1070E-02
1.0593E-02 0.982753 2.1573E-02
1.0715E-02 0.982548 1.6844E-02
1.0839E-02 0.980627 1.7350E-02
1.0965E-02 0.978945 1.7862E-02
1.1092E-02 0.978019 1.8371E-02
1.1220E-02 0.977172 1.8891E-02
1.1350E-02 0.976398 1.9422E-02
1.1482E-02 0.975694 1.9963E-02
1.1614E-02 0.975064 2.0515E-02
1.1749E-02 0.974504 2.1078E-02
1.1885E-02 0.974013 2.1650E-02
1.2023E-02 0.973588 2.2232E-02
1.2162E-02 0.973227 2.2823E-02
1.2303E-02 0.972927 2.3422E-02
1.2445E-02 0.972693 2.4031E-02
1.2589E-02 0.972528 2.4650E-02
1.2735E-02 0.972422 2.5278E-02
1.2882E-02 0.972106 2.4822E-02
1.3032E-02 0.971289 2.5467E-02
1.3183E-02 0.970889 2.6110E-02
1.3335E-02 0.970878 2.6756E-02
1.3490E-02 0.970198 2.6057E-02
1.3646E-02 0.969166 2.6734E-02
1.3804E-02 0.968265 2.7418E-02
1.3964E-02 0.967562 2.8101E-02
1.4125E-02 0.966876 2.8800E-02
1.4289E-02 0.966207 2.9512E-02
1.4454E-02 0.965554 3.0238E-02
1.4622E-02 0.964917 3.0975E-02
1.4791E-02 0.964288 3.1722E-02
1.4962E-02 0.963664 3.2484E-02
1.5136E-02 0.963045 3.3261E-02
1.5311E-02 0.962432 3.4051E-02
1.5488E-02 0.961823 3.4855E-02
1.5668E-02 0.961202 3.5669E-02
1.5849E-02 0.960583 3.6502E-02
1.6032E-02 0.959966 3.7355E-02
1.6218E-02 0.959352 3.8226E-02
1.6406E-02 0.958742 3.9114E-02
1.6596E-02 0.958115 4.0020E-02
1.6788E-02 0.95747 4.0950E-02
1.6982E-02 0.956853 4.1903E-02
1.7179E-02 0.956263 4.2879E-02
1.7378E-02 0.955698 4.3876E-02
1.7579E-02 0.955159 4.4894E-02
1.7783E-02 0.954686 4.5940E-02
1.7989E-02 0.954343 4.7023E-02
1.8197E-02 0.95406 4.8131E-02
1.8408E-02 0.953836 4.9262E-02
1.8621E-02 0.95367 5.0415E-02
1.8836E-02 0.953919 5.1577E-02
1.9055E-02 0.954325 4.8202E-02
1.9275E-02 0.952741 4.9262E-02
1.9498E-02 0.951144 5.0363E-02
1.9724E-02 0.949632 5.1498E-02
1.9953E-02 0.948203 5.2663E-02
2.0184E-02 0.946855 5.3859E-02
2.0417E-02 0.945584 5.5084E-02
2.0654E-02 0.94439 5.6336E-02
2.0893E-02 0.943271 5.7614E-02
2.1135E-02 0.942223 5.8917E-02
2.1380E-02 0.941243 6.0244E-02
2.1627E-02 0.940297 6.1595E-02
2.1878E-02 0.939296 6.2975E-02
2.2131E-02 0.938305 6.4380E-02
2.2387E-02 0.937386 6.5825E-02
2.2646E-02 0.936664 6.7304E-02
2.2909E-02 0.936271 6.8833E-02
2.3174E-02 0.934268 6.8345E-02
2.3442E-02 0.932331 7.0199E-02
2.3714E-02 0.93085 7.2059E-02
2.3988E-02 0.929506 7.3922E-02
2.4266E-02 0.928192 7.5825E-02
2.4547E-02 0.926906 7.7765E-02
2.4831E-02 0.92565 7.9740E-02
2.5119E-02 0.924419 8.1747E-02
2.5410E-02 0.923211 8.3790E-02
2.5704E-02 0.922027 8.5867E-02
2.6002E-02 0.920864 8.7986E-02
2.6303E-02 0.919715 9.0147E-02
2.6607E-02 0.918579 9.2341E-02
2.6915E-02 0.917456 9.4567E-02
2.7227E-02 0.916336 9.6810E-02
2.7542E-02 0.915223 9.9086E-02
2.7861E-02 0.914118 1.0140E-01
2.8184E-02 0.913021 1.0374E-01
2.8510E-02 0.911937 1.0613E-01
2.8840E-02 0.910856 1.0857E-01
2.9174E-02 0.909779 1.1104E-01
2.9512E-02 0.908705 1.1354E-01
2.9854E-02 0.907623 1.1608E-01
3.0200E-02 0.906542 1.1865E-01
3.0549E-02 0.905465 1.2126E-01
3.0903E-02 0.90439 1.2390E-01
3.1261E-02 0.903331 1.2658E-01
3.1623E-02 0.902275 1.2928E-01
3.1989E-02 0.901217 1.3202E-01
3.2359E-02 0.900159 1.3479E-01
3.2734E-02 0.8991 1.3760E-01
3.3113E-02 0.89803 1.4044E-01
3.3497E-02 0.89695 1.4332E-01
3.3884E-02 0.89586 1.4624E-01
3.4277E-02 0.89476 1.4918E-01
3.4674E-02 0.89365 1.5214E-01
3.5075E-02 0.89252 1.5514E-01
3.5481E-02 0.89138 1.5817E-01
3.5892E-02 0.89022 1.6123E-01
3.6308E-02 0.88905 1.6432E-01
3.6728E-02 0.88787 1.6746E-01
3.7154E-02 0.88666 1.7063E-01
3.7584E-02 0.88543 1.7385E-01
3.8019E-02 0.88415 1.7709E-01
3.8459E-02 0.88285 1.8037E-01
3.8905E-02 0.88151 1.8369E-01
3.9355E-02 0.88012 1.8703E-01
3.9811E-02 0.87867 1.9041E-01
4.0272E-02 0.87719 1.9382E-01
4.0738E-02 0.87566 1.9726E-01
4.1210E-02 0.8741 2.0073E-01
4.1687E-02 0.87241 2.0427E-01
4.2170E-02 0.87062 2.0786E-01
4.2658E-02 0.86877 2.1149E-01
4.3152E-02 0.86684 2.1514E-01
4.3652E-02 0.8648 2.1884E-01
4.4157E-02 0.86264 2.2259E-01
4.4668E-02 0.86035 2.2641E-01
4.5186E-02 0.85789 2.3032E-01
4.5709E-02 0.85529 2.3429E-01
4.6238E-02 0.85254 2.3831E-01
4.6773E-02 0.8496 2.4241E-01
4.7315E-02 0.84645 2.4661E-01
4.7863E-02 0.84311 2.5088E-01
4.8417E-02 0.8395 2.5528E-01
4.8978E-02 0.83559 2.5982E-01
4.9545E-02 0.83137 2.6450E-01
5.0119E-02 0.82687 2.6929E-01
5.0699E-02 0.82192 2.7429E-01
5.1286E-02 0.81653 2.7951E-01
5.1880E-02 0.81073 2.8489E-01
5.2481E-02 0.80437 2.9055E-01
5.3088E-02 0.79734 2.9657E-01
5.3703E-02 0.78965 3.0294E-01
5.4325E-02 0.78276 3.0875E-01
5.4954E-02 0.7745 3.1539E-01
5.5590E-02 0.76397 3.2341E-01
5.6234E-02 0.75124 3.3279E-01
5.6885E-02 0.72783 3.4152E-01
5.7544E-02 0.70321 3.5448E-01
5.8210E-02 0.67965 3.7233E-01
5.8884E-02 0.65712 3.9488E-01
5.9566E-02 0.64252 4.3352E-01
6.0256E-02 0.635 4.7778E-01
6.0954E-02 0.63287 5.2386E-01
6.1659E-02 0.63593 5.7168E-01
6.2373E-02 0.64705 6.1560E-01
6.3096E-02 0.66441 6.5265E-01
6.3826E-02 0.68487 6.8669E-01
6.4565E-02 0.70831 7.1780E-01
6.5313E-02 0.73435 7.4592E-01
6.6069E-02 0.75848 7.6944E-01
6.6834E-02 0.78301 7.9070E-01
6.7608E-02 0.80795 8.0978E-01
6.8391E-02 0.83326 8.2674E-01
6.9183E-02 0.85846 8.4216E-01
6.9984E-02 0.88311 8.5691E-01
7.0795E-02 0.907881 8.7043E-01
7.1614E-02 0.932762 8.8275E-01
7.2444E-02 0.957744 8.9391E-01
7.3282E-02 0.982812 9.0475E-01
7.4131E-02 1.00814 9.1520E-01
7.4989E-02 1.03379 9.2400E-01
7.5858E-02 1.05975 9.3120E-01
7.6736E-02 1.086 9.3686E-01
7.7625E-02 1.11362 9.4040E-01
7.8524E-02 1.14624 9.3910E-01
7.9433E-02 1.1766 9.3677E-01
8.0353E-02 1.20478 9.3345E-01
8.1283E-02 1.23084 9.2917E-01
8.2224E-02 1.25484 9.2396E-01
8.3176E-02 1.27204 9.1867E-01
8.4139E-02 1.28204 9.1415E-01
8.5114E-02 1.28863 9.1000E-01
8.6099E-02 1.29191 9.0621E-01
8.7096E-02 1.292 9.0278E-01
8.8105E-02 1.28901 8.9968E-01
8.9125E-02 1.29506 9.0623E-01
9.0157E-02 1.31273 9.2409E-01
9.1201E-02 1.3337 9.4610E-01
9.2257E-02 1.36106 9.5549E-01
9.3325E-02 1.39085 9.6055E-01
9.4406E-02 1.41782 9.6291E-01
9.5499E-02 1.44427 9.6308E-01
9.6605E-02 1.47068 9.6205E-01
9.7724E-02 1.49677 9.5952E-01
9.8855E-02 1.52247 9.5554E-01
1.0000E-01 1.54771 9.5018E-01
1.0116E-01 1.57253 9.4358E-01
1.0233E-01 1.59656 9.3553E-01
1.0351E-01 1.61968 9.2531E-01
1.0471E-01 1.64136 9.1438E-01
1.0593E-01 1.66062 9.0382E-01
1.0715E-01 1.67869 8.9380E-01
1.0839E-01 1.69629 8.8424E-01
1.0965E-01 1.71406 8.7507E-01
1.1092E-01 1.73179 8.6615E-01
1.1220E-01 1.74947 8.5742E-01
1.1350E-01 1.76735 8.4877E-01
1.1482E-01 1.78541 8.4020E-01
1.1614E-01 1.80393 8.3151E-01
1.1749E-01 1.82304 8.2280E-01
1.1885E-01 1.84262 8.1466E-01
1.2023E-01 1.8636 8.0601E-01
1.2162E-01 1.8863 7.9628E-01
1.2303E-01 1.91259 7.8388E-01
1.2445E-01 1.94019 7.6899E-01
1.2589E-01 1.96648 7.5036E-01
1.2735E-01 1.99074 7.2791E-01
1.2882E-01 2.0159 7.0379E-01
1.3032E-01 2.04 6.7682E-01
1.3183E-01 2.0591 6.4266E-01
1.3335E-01 2.0732 6.0611E-01
1.3490E-01 2.0821 5.7276E-01
1.3646E-01 2.0878 5.3999E-01
1.3804E-01 2.0929 5.0651E-01
1.3964E-01 2.095 4.7280E-01
1.4125E-01 2.0918 4.3947E-01
1.4289E-01 2.0841 4.0892E-01
1.4454E-01 2.0744 3.8203E-01
1.4622E-01 2.0622 3.5918E-01
1.4791E-01 2.0499 3.4080E-01
1.4962E-01 2.0399 3.2506E-01
1.5136E-01 2.0319 3.1147E-01
1.5311E-01 2.0247 2.9835E-01
1.5488E-01 2.0183 2.8569E-01
1.5668E-01 2.0123 2.7236E-01
1.5849E-01 2.0066 2.5911E-01
1.6032E-01 2.0009 2.4607E-01
1.6218E-01 1.99468 2.3371E-01
1.6406E-01 1.98834 2.2181E-01
1.6596E-01 1.98198 2.1046E-01
1.6788E-01 1.97575 1.9967E-01
1.6982E-01 1.96957 1.8924E-01
1.7179E-01 1.9636 1.7918E-01
1.7378E-01 1.9576 1.6940E-01
1.7579E-01 1.95153 1.5990E-01
1.7783E-01 1.94541 1.5066E-01
1.7989E-01 1.93924 1.4168E-01
1.8197E-01 1.93299 1.3290E-01
1.8408E-01 1.92666 1.2438E-01
1.8621E-01 1.92025 1.1612E-01
1.8836E-01 1.91377 1.0810E-01
1.9055E-01 1.90723 1.0032E-01
1.9275E-01 1.9006 9.2811E-02
1.9498E-01 1.89383 8.5625E-02
1.9724E-01 1.88692 7.8755E-02
1.9953E-01 1.87989 7.2193E-02
2.0184E-01 1.87249 6.6125E-02
2.0417E-01 1.86486 6.0502E-02
2.0654E-01 1.85705 5.5272E-02
2.0893E-01 1.84909 5.0423E-02
2.1135E-01 1.84179 4.6477E-02
2.1380E-01 1.83542 4.3526E-02
2.1627E-01 1.82873 3.8544E-02
2.1878E-01 1.82112 3.3587E-02
2.2131E-01 1.8125 3.0440E-02
2.2387E-01 1.80397 2.8460E-02
2.2646E-01 1.79623 2.7670E-02
2.2909E-01 1.78935 2.7775E-02
2.3174E-01 1.78328 2.7994E-02
2.3442E-01 1.77784 2.8074E-02
2.3714E-01 1.77282 2.8153E-02
2.3988E-01 1.76819 2.8236E-02
2.4266E-01 1.76382 2.8316E-02
2.4547E-01 1.75967 2.8393E-02
2.4831E-01 1.75574 2.8467E-02
2.5119E-01 1.75202 2.8539E-02
2.5410E-01 1.7485 2.8608E-02
2.5704E-01 1.74516 2.8673E-02
2.6002E-01 1.74206 2.8735E-02
2.6303E-01 1.73913 2.8793E-02
2.6607E-01 1.73632 2.8847E-02
2.6915E-01 1.73363 2.8898E-02
2.7227E-01 1.73106 2.8945E-02
2.7542E-01 1.72857 2.8989E-02
2.7861E-01 1.72611 2.9030E-02
2.8184E-01 1.72374 2.9067E-02
2.8510E-01 1.72145 2.9101E-02
2.8840E-01 1.71938 2.9135E-02
2.9174E-01 1.71739 2.9170E-02
2.9512E-01 1.71551 2.9210E-02
2.9854E-01 1.71368 2.9248E-02
3.0200E-01 1.71191 2.9284E-02
3.0549E-01 1.71019 2.9319E-02
3.0903E-01 1.70853 2.9352E-02
3.1261E-01 1.7069 2.9381E-02
3.1623E-01 1.70532 2.9409E-02
3.1989E-01 1.7038 2.9436E-02
3.2359E-01 1.70232 2.9462E-02
3.2734E-01 1.70092 2.9489E-02
3.3113E-01 1.69961 2.9518E-02
3.3497E-01 1.69835 2.9547E-02
3.3884E-01 1.69713 2.9575E-02
3.4277E-01 1.69596 2.9602E-02
3.4674E-01 1.6948 2.9625E-02
3.5075E-01 1.69366 2.9645E-02
3.5481E-01 1.69255 2.9665E-02
3.5892E-01 1.69149 2.9684E-02
3.6308E-01 1.69046 2.9702E-02
3.6728E-01 1.6895 2.9722E-02
3.7154E-01 1.68861 2.9745E-02
3.7584E-01 1.68775 2.9769E-02
3.8019E-01 1.68694 2.9793E-02
3.8459E-01 1.68608 2.9818E-02
3.8905E-01 1.68523 2.9841E-02
3.9355E-01 1.6844 2.9863E-02
3.9811E-01 1.68361 2.9883E-02
4.0272E-01 1.68285 2.9900E-02
4.0738E-01 1.68213 2.9916E-02
4.1210E-01 1.68144 2.9929E-02
4.1687E-01 1.68078 2.9941E-02
4.2170E-01 1.68015 2.9952E-02
4.2658E-01 1.67954 2.9960E-02
4.3152E-01 1.67897 2.9967E-02
4.3652E-01 1.67844 2.9974E-02
4.4157E-01 1.67793 2.9984E-02
4.4668E-01 1.6774 2.9998E-02
4.5186E-01 1.67689 3.0011E-02
4.5709E-01 1.6764 3.0024E-02
4.6238E-01 1.67593 3.0036E-02
4.6774E-01 1.67548 3.0049E-02
4.7315E-01 1.67505 3.0062E-02
4.7863E-01 1.67463 3.0074E-02
4.8417E-01 1.67423 3.0086E-02
4.8978E-01 1.67385 3.0097E-02
4.9545E-01 1.6735 3.0107E-02
5.0119E-01 1.67315 3.0118E-02
5.0699E-01 1.67282 3.0129E-02
5.1286E-01 1.6725 3.0140E-02
5.1880E-01 1.67219 3.0151E-02
5.2481E-01 1.6719 3.0162E-02
5.3088E-01 1.67161 3.0174E-02
5.3703E-01 1.67134 3.0185E-02
5.4325E-01 1.67107 3.0197E-02
5.4954E-01 1.67082 3.0209E-02
5.5590E-01 1.67057 3.0221E-02
5.6234E-01 1.67033 3.0234E-02
5.6885E-01 1.6701 3.0246E-02
5.7544E-01 1.66988 3.0259E-02
5.8210E-01 1.66967 3.0273E-02
5.8884E-01 1.66946 3.0286E-02
5.9566E-01 1.66927 3.0299E-02
6.0256E-01 1.66908 3.0313E-02
6.0954E-01 1.6689 3.0327E-02
6.1659E-01 1.66872 3.0341E-02
6.2373E-01 1.66856 3.0355E-02
6.3096E-01 1.6684 3.0370E-02
6.3826E-01 1.66824 3.0384E-02
6.4565E-01 1.6681 3.0399E-02
6.5313E-01 1.66796 3.0414E-02
6.6069E-01 1.66783 3.0431E-02
6.6834E-01 1.66771 3.0450E-02
6.7608E-01 1.6676 3.0469E-02
6.8391E-01 1.6675 3.0489E-02
6.9183E-01 1.6674 3.0509E-02
6.9984E-01 1.6673 3.0529E-02
7.0795E-01 1.6672 3.0550E-02
7.1614E-01 1.66709 3.0571E-02
7.2444E-01 1.667 3.0592E-02
7.3282E-01 1.66691 3.0613E-02
7.4131E-01 1.66682 3.0634E-02
7.4989E-01 1.66674 3.0655E-02
7.5858E-01 1.66667 3.0675E-02
7.6736E-01 1.6666 3.0696E-02
7.7625E-01 1.66654 3.0717E-02
7.8524E-01 1.66648 3.0737E-02
7.9433E-01 1.66643 3.0758E-02
8.0353E-01 1.66639 3.0778E-02
8.1283E-01 1.66635 3.0798E-02
8.2224E-01 1.66632 3.0818E-02
8.3176E-01 1.66629 3.0838E-02
8.4139E-01 1.66627 3.0857E-02
8.5114E-01 1.66625 3.0877E-02
8.6099E-01 1.66623 3.0897E-02
8.7096E-01 1.66622 3.0916E-02
8.8105E-01 1.66621 3.0935E-02
8.9125E-01 1.6662 3.0954E-02
9.0157E-01 1.6662 3.0973E-02
9.1201E-01 1.66617 3.0991E-02
9.2257E-01 1.66615 3.1009E-02
9.3325E-01 1.66612 3.1028E-02
9.4406E-01 1.6661 3.1046E-02
9.5499E-01 1.66608 3.1065E-02
9.6605E-01 1.66606 3.1083E-02
9.7724E-01 1.66604 3.1102E-02
9.8855E-01 1.66602 3.1121E-02
1.0000E+00 1.666 3.1140E-02
1.0116E+00 1.66599 3.1162E-02
1.0233E+00 1.66599 3.1183E-02
1.0351E+00 1.66599 3.1205E-02
1.0471E+00 1.66598 3.1228E-02
1.0593E+00 1.66598 3.1251E-02
1.0715E+00 1.66598 3.1274E-02
1.0839E+00 1.66599 3.1298E-02
1.0965E+00 1.66599 3.1322E-02
1.1092E+00 1.66599 3.1346E-02
1.1220E+00 1.666 3.1370E-02
1.1350E+00 1.666 3.1395E-02
1.1482E+00 1.666 3.1419E-02
1.1614E+00 1.666 3.1444E-02
1.1749E+00 1.666 3.1469E-02
1.1885E+00 1.666 3.1495E-02
1.2023E+00 1.666 3.1521E-02
1.2162E+00 1.666 3.1547E-02
1.2303E+00 1.666 3.1573E-02
1.2445E+00 1.666 3.1600E-02
1.2589E+00 1.66599 3.1636E-02
1.2735E+00 1.66596 3.1679E-02
1.2882E+00 1.66594 3.1725E-02
1.3032E+00 1.6659 3.1774E-02
1.3183E+00 1.66586 3.1824E-02
1.3335E+00 1.66582 3.1875E-02
1.3490E+00 1.66577 3.1926E-02
1.3646E+00 1.66573 3.1977E-02
1.3804E+00 1.6657 3.2029E-02
1.3964E+00 1.66568 3.2078E-02
1.4125E+00 1.66566 3.2128E-02
1.4289E+00 1.66564 3.2178E-02
1.4454E+00 1.66562 3.2229E-02
1.4622E+00 1.66559 3.2282E-02
1.4791E+00 1.66553 3.2339E-02
1.4962E+00 1.66548 3.2396E-02
1.5136E+00 1.66542 3.2453E-02
1.5311E+00 1.66536 3.2510E-02
1.5488E+00 1.6653 3.2567E-02
1.5668E+00 1.66527 3.2616E-02
1.5849E+00 1.66524 3.2665E-02
1.6032E+00 1.66521 3.2714E-02
1.6218E+00 1.66517 3.2764E-02
1.6406E+00 1.66512 3.2815E-02
1.6596E+00 1.66507 3.2866E-02
1.6788E+00 1.66499 3.2921E-02
1.6982E+00 1.6649 3.2978E-02
1.7179E+00 1.6648 3.3038E-02
1.7378E+00 1.6647 3.3101E-02
1.7579E+00 1.66458 3.3166E-02
1.7783E+00 1.66445 3.3235E-02
1.7989E+00 1.66431 3.3311E-02
1.8197E+00 1.66417 3.3388E-02
1.8408E+00 1.66402 3.3468E-02
1.8621E+00 1.66386 3.3551E-02
1.8836E+00 1.66369 3.3635E-02
1.9055E+00 1.66352 3.3722E-02
1.9275E+00 1.66334 3.3809E-02
1.9498E+00 1.66316 3.3897E-02
1.9724E+00 1.66298 3.3986E-02
1.9953E+00 1.66279 3.4077E-02
2.0184E+00 1.6626 3.4169E-02
2.0417E+00 1.66241 3.4262E-02
2.0654E+00 1.66221 3.4356E-02
2.0893E+00 1.662 3.4451E-02
2.1135E+00 1.66178 3.4547E-02
2.1380E+00 1.66158 3.4643E-02
2.1627E+00 1.66139 3.4741E-02
2.1878E+00 1.66119 3.4841E-02
2.2131E+00 1.66099 3.4946E-02
2.2387E+00 1.66075 3.5055E-02
2.2646E+00 1.66048 3.5163E-02
2.2909E+00 1.66017 3.5272E-02
2.3174E+00 1.65985 3.5381E-02
2.3442E+00 1.65952 3.5491E-02
2.3714E+00 1.65918 3.5600E-02
2.3988E+00 1.65883 3.5710E-02
2.4266E+00 1.65847 3.5820E-02
2.4547E+00 1.65817 3.5931E-02
2.4831E+00 1.65786 3.6044E-02
2.5119E+00 1.65751 3.6164E-02
2.5410E+00 1.65713 3.6287E-02
2.5704E+00 1.65674 3.6412E-02
2.6002E+00 1.65633 3.6540E-02
2.6303E+00 1.6559 3.6671E-02
2.6607E+00 1.65545 3.6804E-02
2.6915E+00 1.65499 3.6939E-02
2.7227E+00 1.65451 3.7076E-02
2.7542E+00 1.65402 3.7216E-02
2.7861E+00 1.65351 3.7355E-02
2.8184E+00 1.65299 3.7496E-02
2.8510E+00 1.65246 3.7639E-02
2.8840E+00 1.65191 3.7785E-02
2.9174E+00 1.65135 3.7933E-02
2.9512E+00 1.65078 3.8083E-02
2.9854E+00 1.65019 3.8234E-02
3.0200E+00 1.64959 3.8388E-02
3.0549E+00 1.64898 3.8542E-02
3.0903E+00 1.64836 3.8699E-02
3.1261E+00 1.64767 3.8881E-02
3.1623E+00 1.64692 3.9078E-02
3.1989E+00 1.64616 3.9280E-02
3.2359E+00 1.64538 3.9488E-02
3.2734E+00 1.6446 3.9691E-02
3.3113E+00 1.64388 3.9868E-02
3.3497E+00 1.64314 4.0039E-02
3.3884E+00 1.64236 4.0206E-02
3.4277E+00 1.64155 4.0364E-02
3.4674E+00 1.64068 4.0520E-02
3.5075E+00 1.63977 4.0673E-02
3.5481E+00 1.63882 4.0825E-02
3.5892E+00 1.63783 4.0976E-02
3.6308E+00 1.6368 4.1124E-02
3.6728E+00 1.63574 4.1273E-02
3.7154E+00 1.63464 4.1421E-02
3.7584E+00 1.6335 4.1569E-02
3.8019E+00 1.63232 4.1717E-02
3.8459E+00 1.6311 4.1865E-02
3.8905E+00 1.62985 4.2017E-02
3.9355E+00 1.62854 4.2175E-02
3.9811E+00 1.62717 4.2329E-02
4.0272E+00 1.62576 4.2480E-02
4.0738E+00 1.62429 4.2629E-02
4.1210E+00 1.62278 4.2774E-02
4.1687E+00 1.62126 4.2896E-02
4.2170E+00 1.61966 4.3012E-02
4.2658E+00 1.61799 4.3129E-02
4.3152E+00 1.61625 4.3246E-02
4.3652E+00 1.61444 4.3363E-02
4.4157E+00 1.61256 4.3481E-02
4.4668E+00 1.61057 4.3612E-02
4.5186E+00 1.60847 4.3754E-02
4.5709E+00 1.60629 4.3901E-02
4.6238E+00 1.60403 4.4056E-02
4.6774E+00 1.60169 4.4217E-02
4.7315E+00 1.59928 4.4384E-02
4.7863E+00 1.59678 4.4561E-02
4.8417E+00 1.59417 4.4759E-02
4.8978E+00 1.59149 4.4966E-02
4.9545E+00 1.58872 4.5183E-02
5.0119E+00 1.58584 4.5412E-02
5.0699E+00 1.58273 4.5663E-02
5.1286E+00 1.5795 4.5936E-02
5.1880E+00 1.57617 4.6232E-02
5.2481E+00 1.57275 4.6552E-02
5.3088E+00 1.5692 4.6897E-02
5.3703E+00 1.56552 4.7265E-02
5.4325E+00 1.56174 4.7656E-02
5.4954E+00 1.55784 4.8069E-02
5.5590E+00 1.55369 4.8514E-02
5.6234E+00 1.54934 4.8988E-02
5.6885E+00 1.54495 4.9498E-02
5.7544E+00 1.54036 5.0037E-02
5.8210E+00 1.53554 5.0602E-02
5.8884E+00 1.53049 5.1192E-02
5.9566E+00 1.5252 5.1813E-02
6.0256E+00 1.51969 5.2452E-02
6.0954E+00 1.51397 5.3106E-02
6.1659E+00 1.50804 5.3774E-02
6.2373E+00 1.50189 5.4396E-02
6.3096E+00 1.49549 5.4944E-02
6.3826E+00 1.48878 5.5448E-02
6.4565E+00 1.48148 5.5888E-02
6.5313E+00 1.47369 5.6278E-02
6.6069E+00 1.46543 5.6621E-02
6.6834E+00 1.45645 5.6924E-02
6.7608E+00 1.44672 5.7153E-02
6.8391E+00 1.43607 5.7381E-02
6.9183E+00 1.42451 5.7616E-02
6.9984E+00 1.41183 5.7927E-02
7.0795E+00 1.39786 5.8485E-02
7.1614E+00 1.38244 5.9199E-02
7.2444E+00 1.36499 6.0901E-02
7.3282E+00 1.3453 6.3347E-02
7.4131E+00 1.32323 6.7409E-02
7.4989E+00 1.29923 7.3759E-02
7.5858E+00 1.27317 8.3105E-02
7.6736E+00 1.24597 9.6369E-02
7.7625E+00 1.21749 1.1348E-01
7.8524E+00 1.18795 1.3536E-01
7.9433E+00 1.1602 1.6199E-01
8.0353E+00 1.13537 1.9368E-01
8.1283E+00 1.11557 2.3058E-01
8.2224E+00 1.0995 2.7183E-01
8.3176E+00 1.08913 3.1332E-01
8.4139E+00 1.08485 3.5086E-01
8.5114E+00 1.08049 3.8442E-01
8.6099E+00 1.07297 4.1788E-01
8.7096E+00 1.06286 4.5526E-01
8.8105E+00 1.05321 4.9891E-01
8.9125E+00 1.0475 5.4938E-01
9.0157E+00 1.049 6.0537E-01
9.1201E+00 1.05994 6.6417E-01
9.2257E+00 1.08124 7.2252E-01
9.3325E+00 1.11228 7.7668E-01
9.4406E+00 1.15099 8.2391E-01
9.5499E+00 1.19446 8.6269E-01
9.6605E+00 1.23923 8.9230E-01
9.7724E+00 1.28144 9.1397E-01
9.8855E+00 1.31936 9.3282E-01
1.0000E+01 1.35386 9.5082E-01
1.0116E+01 1.38683 9.7142E-01
1.0233E+01 1.42313 9.9513E-01
1.0351E+01 1.46666 1.0187E+00
1.0471E+01 1.51864 1.0364E+00
1.0593E+01 1.57325 1.0420E+00
1.0715E+01 1.62409 1.0373E+00
1.0839E+01 1.66717 1.0282E+00
1.0965E+01 1.70606 1.0193E+00
1.1092E+01 1.74352 1.0102E+00
1.1220E+01 1.78119 9.9792E-01
1.1350E+01 1.81528 9.8270E-01
1.1482E+01 1.84615 9.6614E-01
1.1614E+01 1.87627 9.5162E-01
1.1749E+01 1.90764 9.3526E-01
1.1885E+01 1.93963 9.1455E-01
1.2023E+01 1.96786 8.8836E-01
1.2162E+01 1.99135 8.5743E-01
1.2303E+01 2.0092 8.2856E-01
1.2445E+01 2.0259 8.0017E-01
1.2589E+01 2.0409 7.6957E-01
1.2735E+01 2.0512 7.3568E-01
1.2882E+01 2.0565 7.0031E-01
1.3032E+01 2.0564 6.6667E-01
1.3183E+01 2.0523 6.3441E-01
1.3335E+01 2.0464 6.0221E-01
1.3490E+01 2.0357 5.7050E-01
1.3646E+01 2.0176 5.3918E-01
1.3804E+01 1.99335 5.1151E-01
1.3964E+01 1.96374 4.9040E-01
1.4125E+01 1.93096 4.7617E-01
1.4289E+01 1.89755 4.6979E-01
1.4454E+01 1.86513 4.6986E-01
1.4622E+01 1.83591 4.7538E-01
1.4791E+01 1.80935 4.8534E-01
1.4962E+01 1.78625 4.9698E-01
1.5136E+01 1.7653 5.0993E-01
1.5311E+01 1.74514 5.2471E-01
1.5488E+01 1.72695 5.4142E-01
1.5668E+01 1.71083 5.6014E-01
1.5849E+01 1.69641 5.8041E-01
1.6032E+01 1.68309 6.0172E-01
1.6218E+01 1.67149 6.2438E-01
1.6406E+01 1.66222 6.4900E-01
1.6596E+01 1.65549 6.7522E-01
1.6788E+01 1.65071 7.0212E-01
1.6982E+01 1.64749 7.2861E-01
1.7179E+01 1.64652 7.5580E-01
1.7378E+01 1.6484 7.8492E-01
1.7579E+01 1.65288 8.1456E-01
1.7783E+01 1.65953 8.4374E-01
1.7989E+01 1.66833 8.7156E-01
1.8197E+01 1.6797 8.9895E-01
1.8408E+01 1.69451 9.2730E-01
1.8621E+01 1.71184 9.5462E-01
1.8836E+01 1.73118 9.8015E-01
1.9055E+01 1.7518 1.0022E+00
1.9275E+01 1.7743 1.0220E+00
1.9498E+01 1.79904 1.0400E+00
1.9724E+01 1.82574 1.0558E+00
1.9953E+01 1.85393 1.0694E+00
2.0184E+01 1.87975 1.0775E+00
2.0417E+01 1.90234 1.0823E+00
2.0654E+01 1.92198 1.0887E+00
2.0893E+01 1.94279 1.0964E+00
2.1135E+01 1.96399 1.1022E+00
2.1380E+01 1.98442 1.1060E+00
2.1627E+01 2.0023 1.1105E+00
2.1878E+01 2.0205 1.1165E+00
2.2131E+01 2.0403 1.1228E+00
2.2387E+01 2.0621 1.1254E+00
2.2646E+01 2.0824 1.1259E+00
2.2909E+01 2.0998 1.1259E+00
2.3174E+01 2.1159 1.1283E+00
2.3442E+01 2.1322 1.1314E+00
2.3714E+01 2.1497 1.1333E+00
2.3988E+01 2.1664 1.1345E+00
2.4266E+01 2.1824 1.1358E+00
2.4547E+01 2.1998 1.1386E+00
2.4831E+01 2.2171 1.1410E+00
2.5119E+01 2.2339 1.1415E+00
2.5410E+01 2.25 1.1404E+00
2.5704E+01 2.266 1.1393E+00
2.6002E+01 2.2819 1.1380E+00
2.6303E+01 2.2976 1.1367E+00
2.6607E+01 2.3133 1.1354E+00
2.6915E+01 2.3288 1.1340E+00
2.7227E+01 2.3442 1.1325E+00
2.7542E+01 2.3595 1.1310E+00
2.7861E+01 2.3749 1.1301E+00
2.8184E+01 2.39 1.1290E+00
2.8510E+01 2.4051 1.1278E+00
2.8840E+01 2.42 1.1264E+00
2.9174E+01 2.4348 1.1250E+00
2.9512E+01 2.4494 1.1234E+00
2.9854E+01 2.4639 1.1217E+00
3.0200E+01 2.4784 1.1194E+00
3.0549E+01 2.4928 1.1166E+00
3.0903E+01 2.5069 1.1137E+00
3.1261E+01 2.5208 1.1107E+00
3.1623E+01 2.5345 1.1075E+00
3.1989E+01 2.548 1.1042E+00
3.2359E+01 2.5612 1.1009E+00
3.2734E+01 2.5742 1.0974E+00
3.3113E+01 2.587 1.0938E+00
3.3497E+01 2.5996 1.0901E+00
3.3884E+01 2.6113 1.0866E+00
3.4277E+01 2.6228 1.0831E+00
3.4674E+01 2.6341 1.0795E+00
3.5075E+01 2.6454 1.0760E+00
3.5481E+01 2.6565 1.0723E+00
3.5892E+01 2.6675 1.0687E+00
3.6308E+01 2.6784 1.0650E+00
3.6728E+01 2.6892 1.0613E+00
3.7154E+01 2.6998 1.0576E+00
3.7584E+01 2.7104 1.0539E+00
3.8019E+01 2.7224 1.0503E+00
3.8459E+01 2.7346 1.0467E+00
3.8905E+01 2.7468 1.0431E+00
3.9355E+01 2.7591 1.0394E+00
3.9811E+01 2.7715 1.0356E+00
4.0272E+01 2.7839 1.0318E+00
4.0738E+01 2.7964 1.0279E+00
4.1210E+01 2.8089 1.0240E+00
4.1687E+01 2.821 1.0194E+00
4.2170E+01 2.8328 1.0144E+00
4.2658E+01 2.8445 1.0093E+00
4.3152E+01 2.8561 1.0040E+00
4.3652E+01 2.8675 9.9850E-01
4.4157E+01 2.8789 9.9289E-01
4.4668E+01 2.8901 9.8714E-01
4.5186E+01 2.9011 9.8127E-01
4.5709E+01 2.9119 9.7536E-01
4.6238E+01 2.9225 9.6934E-01
4.6774E+01 2.933 9.6323E-01
4.7315E+01 2.9434 9.5702E-01
4.7863E+01 2.9536 9.5073E-01
4.8417E+01 2.9637 9.4435E-01
4.8978E+01 2.9736 9.3790E-01
4.9545E+01 2.9834 9.3136E-01
5.0119E+01 2.9932 9.2476E-01
5.0699E+01 3.003 9.1806E-01
5.1286E+01 3.0129 9.1130E-01
5.1880E+01 3.0224 9.0445E-01
5.2481E+01 3.0315 8.9748E-01
5.3088E+01 3.0404 8.9044E-01
5.3703E+01 3.0492 8.8334E-01
5.4325E+01 3.0579 8.7620E-01
5.4954E+01 3.0666 8.6901E-01
5.5590E+01 3.0751 8.6177E-01
5.6234E+01 3.0834 8.5448E-01
5.6885E+01 3.0914 8.4713E-01
5.7544E+01 3.0992 8.3973E-01
5.8210E+01 3.1068 8.3229E-01
5.8884E+01 3.1143 8.2482E-01
5.9566E+01 3.1218 8.1731E-01
6.0256E+01 3.1292 8.0978E-01
6.0954E+01 3.1365 8.0222E-01
6.1659E+01 3.1437 7.9465E-01
6.2373E+01 3.1507 7.8708E-01
6.3096E+01 3.1575 7.7953E-01
6.3826E+01 3.1641 7.7197E-01
6.4565E+01 3.1704 7.6440E-01
6.5313E+01 3.1765 7.5681E-01
6.6069E+01 3.1826 7.4920E-01
6.6834E+01 3.1886 7.4161E-01
6.7608E+01 3.1943 7.3408E-01
6.8391E+01 3.1997 7.2661E-01
6.9183E+01 3.2052 7.1914E-01
6.9984E+01 3.2108 7.1162E-01
7.0795E+01 3.2157 7.0419E-01
7.1614E+01 3.221 6.9676E-01
7.2444E+01 3.2261 6.8938E-01
7.3282E+01 3.231 6.8206E-01
7.4131E+01 3.2357 6.7480E-01
7.4989E+01 3.2402 6.6757E-01
7.5858E+01 3.2448 6.6035E-01
7.6736E+01 3.2493 6.5317E-01
7.7625E+01 3.2536 6.4603E-01
7.8524E+01 3.2577 6.3895E-01
7.9433E+01 3.2617 6.3193E-01
8.0353E+01 3.2656 6.2497E-01
8.1283E+01 3.2695 6.1806E-01
8.2224E+01 3.2733 6.1120E-01
8.3176E+01 3.2769 6.0440E-01
8.4140E+01 3.2804 5.9765E-01
8.5114E+01 3.2837 5.9096E-01
8.6099E+01 3.287 5.8434E-01
8.7096E+01 3.2904 5.7778E-01
8.8105E+01 3.2936 5.7129E-01
8.9125E+01 3.2966 5.6484E-01
9.0157E+01 3.2995 5.5845E-01
9.1201E+01 3.3023 5.5211E-01
9.2257E+01 3.3051 5.4584E-01
9.3325E+01 3.308 5.3963E-01
9.4406E+01 3.3107 5.3349E-01
9.5499E+01 3.3133 5.2740E-01
9.6605E+01 3.3156 5.2137E-01
9.7724E+01 3.3178 5.1540E-01
9.8855E+01 3.3199 5.0949E-01
1.0000E+02 3.322 5.0363E-01
1.0116E+02 3.3246 4.9782E-01
1.0233E+02 3.327 4.9206E-01
1.0351E+02 3.3293 4.8638E-01
1.0471E+02 3.3314 4.8079E-01
1.0593E+02 3.3333 4.7525E-01
1.0715E+02 3.3352 4.6977E-01
1.0839E+02 3.3371 4.6436E-01
1.0965E+02 3.3389 4.5900E-01
1.1092E+02 3.3406 4.5370E-01
1.1220E+02 3.3423 4.4845E-01
1.1350E+02 3.3441 4.4326E-01
1.1482E+02 3.3458 4.3811E-01
1.1614E+02 3.3476 4.3302E-01
1.1749E+02 3.3493 4.2798E-01
1.1885E+02 3.3508 4.2301E-01
1.2023E+02 3.3523 4.1811E-01
1.2162E+02 3.3537 4.1327E-01
1.2303E+02 3.3551 4.0849E-01
1.2445E+02 3.3564 4.0376E-01
1.2589E+02 3.3577 3.9908E-01
1.2735E+02 3.359 3.9445E-01
1.2882E+02 3.3603 3.8987E-01
1.3032E+02 3.3615 3.8535E-01
1.3183E+02 3.3627 3.8088E-01
1.3335E+02 3.3638 3.7646E-01
1.3490E+02 3.3649 3.7209E-01
1.3646E+02 3.366 3.6777E-01
1.3804E+02 3.3671 3.6349E-01
1.3964E+02 3.3681 3.5927E-01
1.4125E+02 3.3691 3.5510E-01
1.4289E+02 3.3701 3.5097E-01
1.4454E+02 3.3711 3.4689E-01
1.4622E+02 3.372 3.4286E-01
1.4791E+02 3.3729 3.3888E-01
1.4962E+02 3.3738 3.3494E-01
1.5136E+02 3.3747 3.3104E-01
1.5311E+02 3.3755 3.2719E-01
1.5488E+02 3.3764 3.2339E-01
1.5668E+02 3.3772 3.1963E-01
1.5849E+02 3.378 3.1591E-01
1.6032E+02 3.3788 3.1224E-01
1.6218E+02 3.3795 3.0862E-01
1.6406E+02 3.3802 3.0503E-01
1.6596E+02 3.381 3.0149E-01
1.6788E+02 3.3816 2.9799E-01
1.6982E+02 3.3823 2.9452E-01
1.7179E+02 3.383 2.9111E-01
1.7378E+02 3.3836 2.8773E-01
1.7579E+02 3.3842 2.8439E-01
1.7783E+02 3.3848 2.8109E-01
1.7989E+02 3.3854 2.7784E-01
1.8197E+02 3.3859 2.7462E-01
1.8408E+02 3.3865 2.7144E-01
1.8621E+02 3.387 2.6830E-01
1.8836E+02 3.3875 2.6519E-01
1.9055E+02 3.388 2.6212E-01
1.9275E+02 3.3885 2.5909E-01
1.9498E+02 3.389 2.5609E-01
1.9724E+02 3.3895 2.5313E-01
1.9953E+02 3.3899 2.5021E-01
2.0184E+02 3.3903 2.4731E-01
2.0417E+02 3.3908 2.4446E-01
2.0654E+02 3.3912 2.4163E-01
2.0893E+02 3.3916 2.3884E-01
2.1135E+02 3.392 2.3608E-01
2.1380E+02 3.3924 2.3336E-01
2.1627E+02 3.3928 2.3066E-01
2.1878E+02 3.3932 2.2800E-01
2.2131E+02 3.3935 2.2537E-01
2.2387E+02 3.3939 2.2276E-01
2.2646E+02 3.3943 2.2019E-01
2.2909E+02 3.3946 2.1765E-01
2.3174E+02 3.3949 2.1514E-01
2.3442E+02 3.3953 2.1266E-01
2.3714E+02 3.3956 2.1021E-01
2.3988E+02 3.3959 2.0778E-01
2.4266E+02 3.3962 2.0539E-01
2.4547E+02 3.3965 2.0302E-01
2.4831E+02 3.3968 2.0068E-01
2.5119E+02 3.3971 1.9836E-01
2.5410E+02 3.3974 1.9608E-01
2.5704E+02 3.3977 1.9382E-01
2.6002E+02 3.398 1.9158E-01
2.6303E+02 3.3983 1.8937E-01
2.6607E+02 3.3985 1.8719E-01
2.6915E+02 3.3988 1.8503E-01
2.7227E+02 3.399 1.8290E-01
2.7542E+02 3.3993 1.8079E-01
2.7861E+02 3.3995 1.7871E-01
2.8184E+02 3.3998 1.7665E-01
2.8510E+02 3.4 1.7462E-01
2.8840E+02 3.4002 1.7260E-01
2.9174E+02 3.4005 1.7062E-01
2.9512E+02 3.4007 1.6865E-01
2.9854E+02 3.4009 1.6671E-01
3.0200E+02 3.4011 1.6479E-01
3.0549E+02 3.4013 1.6290E-01
3.0903E+02 3.4014 1.6102E-01
3.1261E+02 3.4016 1.5917E-01
3.1623E+02 3.4017 1.5734E-01
3.1989E+02 3.4019 1.5553E-01
3.2359E+02 3.402 1.5375E-01
3.2734E+02 3.4022 1.5198E-01
3.3113E+02 3.4023 1.5023E-01
3.3497E+02 3.4024 1.4851E-01
3.3884E+02 3.4026 1.4680E-01
3.4277E+02 3.4027 1.4512E-01
3.4674E+02 3.4028 1.4345E-01
3.5075E+02 3.4029 1.4180E-01
3.5481E+02 3.403 1.4017E-01
3.5892E+02 3.4032 1.3855E-01
3.6308E+02 3.4033 1.3696E-01
3.6728E+02 3.4035 1.3538E-01
3.7154E+02 3.4037 1.3382E-01
3.7584E+02 3.4038 1.3227E-01
3.8019E+02 3.404 1.3075E-01
3.8459E+02 3.4041 1.2924E-01
3.8905E+02 3.4043 1.2775E-01
3.9355E+02 3.4044 1.2627E-01
3.9811E+02 3.4046 1.2482E-01
4.0272E+02 3.4047 1.2338E-01
4.0738E+02 3.4048 1.2195E-01
4.1210E+02 3.405 1.2055E-01
4.1687E+02 3.405 1.1916E-01
4.2170E+02 3.4051 1.1780E-01
4.2658E+02 3.4052 1.1645E-01
4.3152E+02 3.4052 1.1511E-01
4.3652E+02 3.4053 1.1379E-01
4.4157E+02 3.4054 1.1249E-01
4.4668E+02 3.4054 1.1120E-01
4.5186E+02 3.4055 1.0993E-01
4.5709E+02 3.4056 1.0867E-01
4.6238E+02 3.4056 1.0742E-01
4.6774E+02 3.4057 1.0619E-01
4.7315E+02 3.4057 1.0498E-01
4.7863E+02 3.4058 1.0377E-01
4.8417E+02 3.4058 1.0259E-01
4.8978E+02 3.4059 1.0141E-01
4.9545E+02 3.406 1.0025E-01
5.0119E+02 3.406 9.9102E-02
5.0699E+02 3.4061 9.7965E-02
5.1286E+02 3.4062 9.6842E-02
5.1880E+02 3.4063 9.5732E-02
5.2481E+02 3.4064 9.4635E-02
5.3088E+02 3.4065 9.3550E-02
5.3703E+02 3.4066 9.2477E-02
5.4325E+02 3.4066 9.1417E-02
5.4954E+02 3.4067 9.0369E-02
5.5590E+02 3.4068 8.9333E-02
5.6234E+02 3.4069 8.8309E-02
5.6885E+02 3.4069 8.7297E-02
5.7544E+02 3.407 8.6296E-02
5.8210E+02 3.4071 8.5307E-02
5.8884E+02 3.4072 8.4329E-02
5.9566E+02 3.4072 8.3362E-02
6.0256E+02 3.4073 8.2406E-02
6.0954E+02 3.4074 8.1461E-02
6.1659E+02 3.4074 8.0527E-02
6.2373E+02 3.4075 7.9604E-02
6.3096E+02 3.4075 7.8692E-02
6.3826E+02 3.4076 7.7789E-02
6.4565E+02 3.4076 7.6897E-02
6.5313E+02 3.4077 7.6016E-02
6.6069E+02 3.4078 7.5144E-02
6.6834E+02 3.4078 7.4283E-02
6.7608E+02 3.4079 7.3431E-02
6.8391E+02 3.4079 7.2589E-02
6.9183E+02 3.408 7.1757E-02
6.9984E+02 3.408 7.0934E-02
7.0795E+02 3.408 7.0121E-02
7.1614E+02 3.408 6.9317E-02
7.2444E+02 3.4081 6.8523E-02
7.3282E+02 3.4081 6.7738E-02
7.4131E+02 3.4081 6.6961E-02
7.4989E+02 3.4081 6.6194E-02
7.5858E+02 3.4081 6.5435E-02
7.6736E+02 3.4081 6.4685E-02
7.7625E+02 3.4081 6.3944E-02
7.8524E+02 3.4081 6.3211E-02
7.9433E+02 3.4081 6.2487E-02
8.0353E+02 3.4081 6.1771E-02
8.1283E+02 3.4081 6.1063E-02
8.2224E+02 3.4081 6.0363E-02
8.3176E+02 3.4081 5.9671E-02
8.4140E+02 3.4081 5.8988E-02
8.5114E+02 3.4081 5.8312E-02
8.6099E+02 3.4081 5.7643E-02
8.7096E+02 3.4081 5.6983E-02
8.8105E+02 3.4081 5.6330E-02
8.9125E+02 3.4081 5.5685E-02
9.0157E+02 3.4081 5.5047E-02
9.1201E+02 3.4081 5.4416E-02
9.2257E+02 3.4081 5.3792E-02
9.3325E+02 3.4081 5.3176E-02
9.4406E+02 3.4081 5.2567E-02
9.5499E+02 3.4081 5.1964E-02
9.6605E+02 3.408 5.1369E-02
9.7724E+02 3.408 5.0781E-02
9.8855E+02 3.408 5.0199E-02
1.0000E+03 3.408 4.9624E-02
