4145 0.92
0.10000E+00 0.12576E+01 0.78691E-01
0.10500E+00 0.12665E+01 0.79827E-01
0.12500E+00 0.12034E+01 0.82421E-01
0.14000E+00 0.12874E+01 0.24730E+00
0.15500E+00 0.14616E+01 0.15217E+00
0.17500E+00 0.14270E+01 0.36138E-04
0.20000E+00 0.13317E+01 0.17223E-07
0.22000E+00 0.13488E+01 0.13752E-07
0.25000E+00 0.13348E+01 0.78483E-08
0.30000E+00 0.13281E+01 0.55969E-08
0.31750E+00 0.13262E+01 0.47910E-08
0.35000E+00 0.13238E+01 0.36764E-08
0.40000E+00 0.13213E+01 0.26231E-08
0.45000E+00 0.13196E+01 0.20692E-08
0.53000E+00 0.13177E+01 0.15920E-08
0.57000E+00 0.13169E+01 0.24979E-08
0.65000E+00 0.13157E+01 0.86614E-08
0.73000E+00 0.13146E+01 0.30681E-07
0.85000E+00 0.13131E+01 0.17509E-06
0.10000E+01 0.13111E+01 0.11444E-05
0.11500E+01 0.13088E+01 0.31669E-05
0.13000E+01 0.13061E+01 0.12915E-04
0.13500E+01 0.13051E+01 0.11398E-04
0.14000E+01 0.13039E+01 0.13892E-04
0.15300E+01 0.13011E+01 0.78874E-03
0.16500E+01 0.12983E+01 0.15458E-03
0.18000E+01 0.12927E+01 0.45912E-04
0.19000E+01 0.12884E+01 0.21729E-03
0.20000E+01 0.12837E+01 0.56419E-03
0.21500E+01 0.12746E+01 0.45170E-03
0.22700E+01 0.12645E+01 0.18006E-03
0.23500E+01 0.12541E+01 0.79725E-03
2.50019 1.2620 0.00032997
2.50081 1.2619 0.00032711
2.50138 1.2618 0.00032425
2.502 1.2618 0.00066376
2.50263 1.2618 0.00066233
2.50319 1.2619 0.00066090
2.50382 1.2618 0.00065827
2.50445 1.2618 0.00065565
2.50501 1.2618 0.00065398
2.50564 1.2617 0.00065112
2.50627 1.2616 0.00064826
2.50683 1.2616 0.00064659
2.50746 1.2615 0.00064349
2.50809 1.2614 0.00059986
2.50865 1.2614 0.00063872
2.50928 1.2613 0.00063562
2.50985 1.2613 0.00063372
2.51048 1.2612 0.00063038
2.51111 1.2611 0.00062752
2.51168 1.2611 0.00062537
2.51231 1.2610 0.00060010
2.51294 1.2609 0.00061941
2.51351 1.2609 0.00061703
2.51414 1.2608 0.00061417
2.51477 1.2607 0.00061083
2.51534 1.2607 0.00060892
2.51598 1.2606 0.00060582
2.51661 1.2605 0.00060248
2.51718 1.2605 0.00060034
2.51781 1.2603 0.00059676
2.51838 1.2603 0.00059485
2.51902 1.2602 0.00059175
2.51965 1.2602 0.00058937
2.52022 1.2601 0.00024152
2.52086 1.2599 0.00058150
2.5215 1.2599 0.00057960
2.52207 1.2598 0.00023150
2.5227 1.2596 0.00057149
2.52334 1.2595 0.00056887
2.52391 1.2595 0.00056696
2.52455 1.2595 0.00056362
2.52519 1.2594 0.00056124
2.52576 1.2593 0.00021243
2.5264 1.2590 0.00055242
2.52698 1.2591 0.00055075
2.52761 1.2590 0.00054741
2.52825 1.2589 0.00054407
2.52883 1.2589 0.00054169
2.52947 1.2588 0.00053811
2.53011 1.2587 0.00053453
2.53068 1.2586 0.00053215
2.53133 1.2585 0.00052881
2.53197 1.2584 0.00052500
2.53254 1.2584 0.00052309
2.53318 1.2583 0.00052023
2.53383 1.2581 0.00016880
2.5344 1.2580 0.00051093
2.53505 1.2579 0.00050807
2.53569 1.2579 0.00050449
2.53627 1.2578 0.00050235
2.53691 1.2577 0.00049829
2.53749 1.2577 0.00049591
2.53814 1.2576 0.00049210
2.53878 1.2575 0.00048852
2.53936 1.2575 0.00048637
2.54001 1.2574 0.00048304
2.54065 1.2574 0.00048065
2.54123 1.2573 0.00012994
2.54188 1.2570 0.00012302
2.54252 1.2568 0.00046635
2.54311 1.2570 0.00046587
2.54375 1.2568 0.00011444
2.5444 1.2566 0.00010777
2.54498 1.2566 0.00045300
2.54563 1.2565 0.00010252
2.54621 1.2563 9.7752e-05
2.54686 1.2562 9.2745e-05
2.54751 1.2560 8.7976e-05
2.5481 1.2559 8.3685e-05
2.54874 1.2557 7.7963e-05
2.54939 1.2556 0.00042295
2.54998 1.2556 7.1526e-05
2.55063 1.2554 0.00041509
2.55128 1.2555 0.00041342
2.55187 1.2553 6.0558e-05
2.55252 1.2552 0.00040388
2.55317 1.2552 0.00040150
2.55376 1.2552 0.00040054
2.55441 1.2551 4.7207e-05
2.555 1.2549 4.1962e-05
2.55565 1.2547 3.6240e-05
2.5563 1.2545 3.0041e-05
2.55689 1.2545 0.00037670
2.55754 1.2545 2.4319e-05
2.5582 1.2543 1.8358e-05
2.55879 1.2541 1.2636e-05
2.55944 1.2540 0.00035906
2.5601 1.2539 5.4836e-06
2.56069 1.2539 0.00035191
2.56134 1.2538 0.0000
2.562 1.2536 0.0000
2.56259 1.2535 0.0000
2.56325 1.2533 0.0000
2.56391 1.2531 0.0000
2.5645 1.2531 0.00032258
2.56515 1.2531 0.00032187
2.56575 1.2531 0.0000
2.56641 1.2529 0.0000
2.56706 1.2527 0.0000
2.56766 1.2526 0.0000
2.56832 1.2524 0.0000
2.56898 1.2523 0.00029206
2.56957 1.2523 0.0000
2.57023 1.2521 0.0000
2.57089 1.2520 0.0000
2.57149 1.2518 0.0000
2.57215 1.2516 0.0000
2.57281 1.2516 0.00026274
2.57341 1.2516 0.0000
2.57407 1.2513 0.0000
2.57467 1.2511 0.0000
2.57533 1.2511 0.00024343
2.57599 1.2511 0.0000
2.57659 1.2509 0.0000
2.57725 1.2507 0.0000
2.57792 1.2505 0.0000
2.57852 1.2504 0.0000
2.57918 1.2501 0.0000
2.57985 1.2500 0.00020266
2.58045 1.2501 0.00020146
2.58111 1.2499 0.0000
2.58178 1.2496 0.00018764
2.58238 1.2496 0.00018454
2.58304 1.2495 0.00017977
2.58371 1.2494 0.00017500
2.58431 1.2493 0.00017071
2.58498 1.2492 0.00016522
2.58558 1.2491 0.00016069
2.58625 1.2490 0.00015497
2.58692 1.2489 0.00014973
2.58752 1.2488 0.00014496
2.58819 1.2486 0.00013924
2.58886 1.2485 0.00013351
2.58947 1.2484 0.00012875
2.59014 1.2482 0.00012302
2.59081 1.2481 0.00011683
2.59141 1.2480 0.00011158
2.59208 1.2478 0.00010538
2.59276 1.2476 9.8228e-05
2.59336 1.2474 9.0599e-05
2.59403 1.2475 0.00079918
2.59464 1.2475 8.8215e-05
2.59531 1.2474 0.00043726
2.59599 1.2473 7.8201e-05
2.59659 1.2472 7.1049e-05
2.59727 1.2470 6.4373e-05
2.59794 1.2468 5.7697e-05
2.59855 1.2467 5.1975e-05
2.59923 1.2466 4.5776e-05
2.5999 1.2464 3.9339e-05
2.60051 1.2463 3.3855e-05
2.60119 1.2461 2.7180e-05
2.60186 1.2460 2.0981e-05
2.60247 1.2459 1.5259e-05
2.60315 1.2457 8.5831e-06
2.60376 1.2456 2.3842e-06
2.60444 1.2454 0.0000
2.60512 1.2454 0.00034761
2.60573 1.2454 0.0000
2.60641 1.2452 0.0000
2.60709 1.2450 0.0000
2.6077 1.2450 0.0000
2.60838 1.2447 0.0000
2.60906 1.2446 0.0000
2.60967 1.2444 0.0000
2.61035 1.2441 0.0000
2.61103 1.2439 0.0000
2.61165 1.2439 0.0000
2.61233 1.2437 0.0000
2.61301 1.2435 0.0000
2.61363 1.2433 0.0000
2.61431 1.2431 0.0000
2.61493 1.2431 0.0000
2.61561 1.2430 0.0000
2.61629 1.2428 0.0000
2.61691 1.2428 0.0000
2.6176 1.2425 0.0000
2.61828 1.2423 0.0000
2.6189 1.2422 0.0000
2.61958 1.2421 0.0000
2.62027 1.2420 0.0000
2.62089 1.2420 0.0000
2.62158 1.2418 0.0000
2.62226 1.2415 0.0000
2.62288 1.2413 0.0000
2.62357 1.2411 0.0000
2.62426 1.2409 0.0000
2.62488 1.2406 0.0000
2.62557 1.2404 0.0000
2.62619 1.2403 0.0000
2.62688 1.2402 0.0000
2.62757 1.2400 0.0000
2.62819 1.2396 0.0000
2.62888 1.2395 0.0000
2.62957 1.2394 0.0000
2.63019 1.2393 0.0000
2.63089 1.2391 0.0000
2.63158 1.2390 0.0000
2.6322 1.2389 0.0000
2.6329 1.2387 0.0000
2.63359 1.2387 0.0000
2.63421 1.2384 0.0000
2.63491 1.2381 0.0000
2.63553 1.2378 0.0000
2.63623 1.2378 0.0000
2.63692 1.2377 0.0000
2.63755 1.2376 0.0000
2.63824 1.2374 0.0000
2.63894 1.2370 0.0000
2.63957 1.2367 0.0000
2.64026 1.2367 0.0000
2.64096 1.2365 0.0000
2.64159 1.2364 0.0000
2.64229 1.2363 0.0000
2.64299 1.2360 0.0000
2.64361 1.2357 0.0000
2.64431 1.2356 0.0000
2.64494 1.2354 0.0000
2.64564 1.2353 0.0000
2.64634 1.2352 0.0000
2.64697 1.2349 0.0000
2.64767 1.2346 0.0000
2.64838 1.2345 0.0000
2.64901 1.2344 0.0000
2.64971 1.2341 0.0000
2.65041 1.2338 0.0000
2.65104 1.2337 0.0000
2.65175 1.2335 0.0000
2.65245 1.2334 0.0000
2.65308 1.2331 0.0000
2.65379 1.2328 0.0000
2.65449 1.2327 0.0000
2.65513 1.2325 0.0000
2.65583 1.2323 0.0000
2.65647 1.2321 0.0000
2.65717 1.2319 0.0000
2.65788 1.2318 0.0000
2.65851 1.2315 0.0000
2.65922 1.2313 0.0000
2.65993 1.2312 0.0000
2.66057 1.2310 0.0000
2.66127 1.2308 0.0000
2.66198 1.2306 0.0000
2.66262 1.2301 0.0000
2.66333 1.2299 0.0000
2.66404 1.2298 0.0000
2.66468 1.2295 0.0000
2.66539 1.2294 0.0000
2.66603 1.2291 0.0000
2.66674 1.2289 0.0000
2.66745 1.2287 0.0000
2.66809 1.2285 0.0000
2.6688 1.2283 0.0000
2.66951 1.2280 0.0000
2.67016 1.2279 0.0000
2.67087 1.2279 0.0000
2.67158 1.2276 0.0000
2.67222 1.2272 0.0000
2.67294 1.2270 0.0000
2.67365 1.2266 0.0000
2.6743 1.2262 0.0000
2.67501 1.2262 0.0000
2.67566 1.2259 0.0000
2.67637 1.2257 0.0000
2.67709 1.2256 0.0000
2.67773 1.2252 0.0000
2.67845 1.2249 0.0000
2.67917 1.2249 0.0000
2.67982 1.2245 0.0000
2.68053 1.2241 0.0000
2.68125 1.2239 0.0000
2.6819 1.2236 0.0000
2.68262 1.2235 0.0000
2.68334 1.2233 0.0000
2.68399 1.2228 0.0000
2.68471 1.2225 0.0000
2.68543 1.2221 0.0000
2.68608 1.2217 0.0000
2.6868 1.2217 0.0000
2.68745 1.2214 0.0000
2.68817 1.2211 0.0000
2.68889 1.2209 0.0000
2.68955 1.2206 0.0000
2.69027 1.2203 0.0000
2.69099 1.2201 0.0000
2.69165 1.2197 0.0000
2.69237 1.2193 0.0000
2.69309 1.2191 0.0000
2.69375 1.2189 0.0000
2.69447 1.2187 0.0000
2.6952 1.2186 0.0000
2.69585 1.2182 0.0000
2.69658 1.2179 0.0000
2.69724 1.2177 0.0000
2.69796 1.2176 0.0000
2.69869 1.2173 0.0000
2.69935 1.2168 0.0000
2.70008 1.2165 0.0000
2.7008 1.2163 0.0000
2.70146 1.2160 0.0000
2.70219 1.2157 0.0000
2.70292 1.2154 0.0000
2.70358 1.2149 0.0000
2.70431 1.2146 0.0000
2.70504 1.2144 0.0000
2.7057 1.2139 0.0000
2.70643 1.2136 0.0000
2.70717 1.2134 0.0000
2.70783 1.2129 0.0000
2.70856 1.2127 0.0000
2.70922 1.2122 0.0000
2.70995 1.2118 0.0000
2.71069 1.2117 0.0000
2.71135 1.2113 0.0000
2.71209 1.2109 0.0000
2.71282 1.2106 0.0000
2.71348 1.2101 0.0000
2.71422 1.2098 0.0000
2.71496 1.2095 0.0000
2.71562 1.2090 0.0000
2.71636 1.2086 0.0000
2.7171 1.2083 0.0000
2.71776 1.2078 0.0000
2.7185 1.2075 0.0000
2.71916 1.2068 0.0000
2.7199 1.2065 0.0000
2.72064 1.2064 0.0000
2.72131 1.2058 0.0000
2.72205 1.2054 0.0000
2.72279 1.2050 0.0000
2.72346 1.2045 0.0000
2.7242 1.2043 0.0000
2.72494 1.2039 0.0000
2.72561 1.2034 0.0000
2.72636 1.2030 0.0000
2.7271 1.2026 0.0000
2.72777 1.2020 0.0000
2.72851 1.2016 0.0000
2.72918 1.2011 0.0000
2.72993 1.2007 0.0000
2.73067 1.2003 0.0000
2.73134 1.1998 0.0000
2.73209 1.1994 0.0000
2.73284 1.1989 0.0000
2.73351 1.1983 0.0000
2.73426 1.1978 0.0000
2.73501 1.1975 0.0000
2.73568 1.1970 0.0000
2.73643 1.1965 0.0000
2.73718 1.1960 0.0000
2.73785 1.1954 0.0000
2.7386 1.1951 0.0000
2.73935 1.1947 0.0000
2.74003 1.1941 0.0000
2.74078 1.1936 0.0000
2.74145 1.1930 0.0000
2.74221 1.1926 0.0000
2.74296 1.1922 0.0000
2.74363 1.1916 0.0000
2.74439 1.1910 0.0000
2.74514 1.1905 0.0000
2.74582 1.1899 0.0000
2.74657 1.1894 0.0000
2.74733 1.1889 0.0000
2.74801 1.1884 0.0000
2.74876 1.1879 0.0000
2.74952 1.1872 0.0000
2.7502 1.1866 0.0000
2.75096 1.1861 0.0000
2.75164 1.1855 0.0000
2.75239 1.1851 0.0000
2.75315 1.1845 0.0000
2.75383 1.1838 0.0000
2.75459 1.1832 0.0000
2.75535 1.1827 0.00014162
2.75604 1.1823 0.00010800
2.7568 1.1817 5.8889e-05
2.75756 1.1810 0.0000
2.75824 1.1804 0.00033784
2.759 1.1798 0.00028467
2.75976 1.1791 0.00061798
2.76045 1.1787 0.00057936
2.76121 1.1779 0.00051689
2.76197 1.1772 0.00084352
2.76266 1.1767 0.00079751
2.76342 1.1759 0.0011220
2.76411 1.1754 0.0010772
2.76488 1.1747 0.0014052
2.76564 1.1740 0.0013409
2.76633 1.1735 0.0016875
2.76709 1.1727 0.0016222
2.76786 1.1720 0.0019445
2.76855 1.1715 0.0018992
2.76932 1.1706 0.0022161
2.77008 1.1699 0.0025434
2.77077 1.1695 0.0025055
2.77154 1.1687 0.0028276
2.77231 1.1678 0.0027511
2.773 1.1674 0.0031047
2.77377 1.1663 0.0030098
2.77446 1.1658 0.0033562
2.77523 1.1649 0.0036716
2.776 1.1641 0.0039916
2.7767 1.1637 0.0039558
2.77747 1.1627 0.0042605
2.77824 1.1617 0.0045679
2.77894 1.1615 0.0049434
2.77971 1.1605 0.0048532
2.78048 1.1594 0.0051475
2.78118 1.1591 0.0055151
2.78195 1.1581 0.0058231
2.78272 1.1571 0.0061307
2.78342 1.1568 0.0060968
2.7842 1.1557 0.0067971
2.78497 1.1547 0.0071115
2.78567 1.1546 0.0070963
2.78645 1.1530 0.0073509
2.78715 1.1528 0.0077367
2.78792 1.1517 0.0080309
2.7887 1.1504 0.0083163
2.7894 1.1503 0.0087113
2.79018 1.1491 0.0090013
2.79096 1.1478 0.0092804
2.79166 1.1477 0.0096812
2.79244 1.1464 0.0099611
2.79322 1.1449 0.010221
2.79392 1.1449 0.011045
2.7947 1.1437 0.011336
2.79548 1.1423 0.011603
2.79619 1.1423 0.012020
2.79697 1.1403 0.012646
2.79767 1.1405 0.013089
2.79846 1.1390 0.013350
2.79924 1.1374 0.014021
2.79994 1.1376 0.014466
2.80073 1.1361 0.015152
2.80151 1.1344 0.015399
2.80222 1.1348 0.016285
2.803 1.1332 0.016541
2.80379 1.1313 0.017196
2.8045 1.1319 0.018113
2.80529 1.1302 0.018366
2.80607 1.1283 0.019018
2.80678 1.1290 0.019963
2.80757 1.1263 0.020099
2.80828 1.1269 0.021035
2.80907 1.1251 0.021706
2.80986 1.1230 0.022355
2.81057 1.1239 0.023330
2.81136 1.1220 0.024004
2.81215 1.1199 0.024650
2.81286 1.1209 0.025654
2.81365 1.1189 0.026321
2.81444 1.1166 0.026947
2.81516 1.1178 0.028434
2.81595 1.1158 0.029117
2.81674 1.1135 0.029755
2.81746 1.1148 0.030818
2.81825 1.1126 0.031934
2.81905 1.1101 0.032565
2.81976 1.1119 0.034150
2.82056 1.1079 0.034615
2.82127 1.1098 0.036225
2.82207 1.1076 0.037373
2.82287 1.1050 0.038006
2.82358 1.1071 0.039674
2.82438 1.1047 0.040338
2.82518 1.1017 0.041417
2.8259 1.1041 0.043132
2.8267 1.1016 0.044279
2.82749 1.0987 0.045382
2.82821 1.1015 0.047172
2.82901 1.0989 0.048334
2.82981 1.0959 0.049452
2.83054 1.0992 0.051323
2.83134 1.0940 0.052196
2.83206 1.0975 0.054109
2.83286 1.0948 0.055289
2.83366 1.0914 0.056402
2.83439 1.0953 0.058880
2.83519 1.0926 0.060098
2.83599 1.0893 0.061248
2.83672 1.0935 0.063285
2.83752 1.0906 0.065023
2.83833 1.0873 0.066207
2.83905 1.0922 0.068345
2.83986 1.0892 0.069589
2.84067 1.0857 0.070769
2.84139 1.0908 0.072963
2.8422 1.0876 0.074207
2.84301 1.0840 0.075939
2.84374 1.0900 0.078254
2.84455 1.0832 0.079113
2.84527 1.0894 0.081458
2.84608 1.0862 0.082763
2.84689 1.0824 0.084001
2.84762 1.0889 0.086394
2.84843 1.0857 0.087720
2.84925 1.0818 0.088986
2.84998 1.0889 0.091462
2.85079 1.0856 0.092249
2.8516 1.0815 0.093517
2.85233 1.0890 0.096043
2.85315 1.0855 0.096844
2.85396 1.0814 0.098145
2.8547 1.0894 0.10016
2.85551 1.0810 0.10104
2.85625 1.0892 0.10308
2.85706 1.0856 0.10448
2.85788 1.0813 0.10524
2.85861 1.0897 0.10728
2.85943 1.0858 0.10869
2.86025 1.0815 0.10946
2.86098 1.0903 0.11156
2.8618 1.0862 0.11238
2.86262 1.0814 0.11313
2.86336 1.0905 0.11585
2.86418 1.0866 0.11671
2.865 1.0819 0.11750
2.86574 1.0917 0.11968
2.86656 1.0820 0.12001
2.8673 1.0918 0.12158
2.86812 1.0873 0.12242
2.86895 1.0821 0.12320
2.86969 1.0919 0.12538
2.87051 1.0873 0.12623
2.87134 1.0821 0.12702
2.87208 1.0922 0.12923
2.8729 1.0876 0.13011
2.87373 1.0822 0.13092
2.87447 1.0928 0.13316
2.8753 1.0880 0.13341
2.87613 1.0823 0.13421
2.87687 1.0929 0.13645
2.8777 1.0879 0.13734
2.87853 1.0823 0.13816
2.87927 1.0936 0.14047
2.8801 1.0820 0.14081
2.88085 1.0936 0.14313
2.88168 1.0885 0.14340
2.88251 1.0824 0.14423
2.88326 1.0938 0.14653
2.88409 1.0885 0.14745
2.88492 1.0824 0.14831
2.88567 1.0943 0.15065
2.8865 1.0887 0.15091
2.88734 1.0825 0.15245
2.88809 1.0947 0.15414
2.88892 1.0889 0.15507
2.88976 1.0825 0.15595
2.89051 1.0953 0.15835
2.89134 1.0821 0.15873
2.8921 1.0950 0.16113
2.89293 1.0892 0.16211
2.89377 1.0827 0.16303
2.89452 1.0957 0.16543
2.89536 1.0898 0.16643
2.8962 1.0830 0.16737
2.89696 1.0965 0.16979
2.89779 1.0906 0.17082
2.89863 1.0837 0.17108
2.89939 1.0971 0.17348
2.90023 1.0909 0.17523
2.90107 1.0840 0.17551
2.90183 1.0980 0.17794
2.90267 1.0915 0.17899
2.90352 1.0844 0.18000
2.90428 1.0992 0.18247
2.90512 1.0842 0.18299
2.90588 1.0992 0.18547
2.90672 1.0926 0.18657
2.90757 1.0853 0.18762
2.90833 1.1004 0.19008
2.90918 1.0936 0.19121
2.91002 1.0860 0.19228
2.91078 1.1016 0.19476
2.91163 1.0947 0.19590
2.91248 1.0870 0.19701
2.91324 1.1030 0.19949
2.91409 1.0959 0.20067
2.91494 1.0882 0.20181
2.91571 1.1051 0.20431
2.91656 1.0885 0.20500
2.91732 1.1056 0.20751
2.91817 1.0984 0.20874
2.91903 1.0905 0.20994
2.91979 1.1077 0.21242
2.92065 1.1005 0.21370
2.9215 1.0924 0.21414
2.92227 1.1097 0.21661
2.92312 1.1020 0.21789
2.92398 1.0937 0.21914
2.92475 1.1117 0.22161
2.9256 1.1040 0.22294
2.92646 1.0958 0.22424
2.92723 1.1144 0.22670
2.92809 1.1066 0.22726
2.92894 1.0980 0.22859
2.92972 1.1173 0.23105
2.93057 1.0990 0.23203
2.93135 1.1185 0.23366
2.93221 1.1103 0.23507
2.93307 1.1017 0.23646
2.93384 1.1213 0.23889
2.9347 1.1132 0.23951
2.93556 1.1042 0.24093
2.93634 1.1243 0.24334
2.9372 1.1159 0.24399
2.93807 1.1069 0.24545
2.93884 1.1273 0.24783
2.93971 1.1189 0.24851
2.94057 1.1098 0.25001
2.94135 1.1313 0.25238
2.94221 1.1113 0.25277
2.94299 1.1328 0.25512
2.94386 1.1243 0.25586
2.94473 1.1152 0.25742
2.94551 1.1368 0.25888
2.94638 1.1277 0.25963
2.94724 1.1184 0.26122
2.94803 1.1400 0.26264
2.9489 1.1311 0.26429
2.94977 1.1219 0.26506
2.95055 1.1437 0.26643
2.95142 1.1346 0.26811
2.95229 1.1253 0.26891
2.95308 1.1483 0.27113
2.95395 1.1271 0.27178
2.95473 1.1502 0.27310
2.95561 1.1409 0.27395
2.95648 1.1313 0.27569
2.95727 1.1545 0.27696
2.95814 1.1452 0.27784
2.95902 1.1355 0.27872
2.95981 1.1587 0.27994
2.96068 1.1491 0.28085
2.96156 1.1393 0.28175
2.96235 1.1625 0.28294
2.96323 1.1527 0.28387
2.9641 1.1428 0.28571
2.9649 1.1675 0.28686
2.96577 1.1453 0.28774
2.96657 1.1697 0.28796
2.96745 1.1596 0.28893
2.96833 1.1493 0.28990
2.96912 1.1736 0.29190
2.97 1.1639 0.29199
2.97089 1.1535 0.29298
2.97168 1.1778 0.29402
2.97256 1.1677 0.29505
2.97345 1.1575 0.29607
2.97424 1.1821 0.29707
2.97513 1.1722 0.29813
2.97601 1.1619 0.29824
2.97681 1.1864 0.29920
2.9777 1.1760 0.30028
2.97858 1.1658 0.30135
2.97938 1.1915 0.30226
2.98027 1.1676 0.30248
2.98107 1.1931 0.30338
2.98196 1.1826 0.30450
2.98285 1.1722 0.30561
2.98365 1.1978 0.30646
2.98454 1.1872 0.30666
2.98543 1.1764 0.30779
2.98623 1.2020 0.30861
2.98713 1.1913 0.30883
2.98802 1.1803 0.30998
2.98882 1.2060 0.31076
2.98972 1.1954 0.31195
2.99061 1.1847 0.31217
2.99141 1.2104 0.31292
2.99231 1.1997 0.31413
2.99321 1.1889 0.31436
2.99401 1.2155 0.31506
2.99491 1.1907 0.31648
2.99572 1.2175 0.31619
2.99661 1.2063 0.31745
2.99751 1.1954 0.31868
2.99832 1.2220 0.31932
2.99922 1.2111 0.31962
3.00012 1.2001 0.32088
3.00093 1.2267 0.32051
3.00183 1.2152 0.32181
3.00273 1.2044 0.32309
3.00354 1.2312 0.32267
3.00445 1.2199 0.32400
3.00535 1.2088 0.32432
3.00616 1.2362 0.32483
3.00707 1.2106 0.32646
3.00788 1.2384 0.32597
3.00879 1.2270 0.32733
3.00969 1.2161 0.32866
3.01051 1.2434 0.32813
3.01141 1.2320 0.32951
3.01232 1.2209 0.32988
3.01314 1.2483 0.33030
3.01405 1.2367 0.33071
3.01495 1.2255 0.33209
3.01577 1.2531 0.33148
3.01668 1.2415 0.33290
3.01759 1.2304 0.33330
3.01841 1.2588 0.33362
3.01932 1.2325 0.33447
3.02014 1.2611 0.33476
3.02106 1.2497 0.33522
3.02197 1.2382 0.33565
3.02279 1.2658 0.33594
3.02371 1.2545 0.33741
3.02462 1.2434 0.33785
3.02544 1.2713 0.33710
3.02636 1.2596 0.33859
3.02728 1.2485 0.33905
3.0281 1.2765 0.33826
3.02902 1.2647 0.33977
3.02994 1.2535 0.34024
3.03076 1.2816 0.33941
3.03168 1.2697 0.34095
3.0326 1.2585 0.34144
3.03343 1.2877 0.34154
3.03435 1.2613 0.34258
3.03518 1.2907 0.34165
3.0361 1.2788 0.34220
3.03702 1.2672 0.34272
3.03785 1.2959 0.34279
3.03877 1.2842 0.34335
3.0397 1.2730 0.34388
3.04053 1.3015 0.34291
3.04146 1.2896 0.34349
3.04238 1.2779 0.34404
3.04321 1.3066 0.34405
3.04414 1.2950 0.34463
3.04507 1.2839 0.34518
3.0459 1.3133 0.34411
3.04683 1.2864 0.34530
3.04767 1.3159 0.34422
3.04859 1.3041 0.34483
3.04952 1.2927 0.34540
3.05036 1.3216 0.34431
3.05129 1.3096 0.34494
3.05222 1.2983 0.34552
3.05306 1.3270 0.34441
3.05399 1.3151 0.34505
3.05493 1.3038 0.34563
3.05577 1.3327 0.34448
3.0567 1.3209 0.34513
3.05764 1.3099 0.34572
3.05848 1.3387 0.34353
3.05941 1.3265 0.34421
3.06035 1.3153 0.34481
3.06119 1.3447 0.34358
3.06213 1.3182 0.34491
3.06297 1.3477 0.34265
3.06391 1.3357 0.34333
3.06485 1.3247 0.34395
3.0657 1.3533 0.34171
3.06664 1.3412 0.34240
3.06758 1.3301 0.34303
3.06843 1.3587 0.34077
3.06937 1.3466 0.34147
3.07031 1.3356 0.34210
3.07116 1.3642 0.33983
3.0721 1.3521 0.34054
3.07305 1.3415 0.34116
3.0739 1.3708 0.33882
3.07484 1.3440 0.33925
3.07569 1.3730 0.33793
3.07664 1.3612 0.33764
3.07759 1.3502 0.33829
3.07844 1.3783 0.33599
3.07939 1.3665 0.33671
3.08034 1.3555 0.33637
3.08119 1.3836 0.33504
3.08214 1.3721 0.33477
3.08309 1.3610 0.33444
3.08394 1.3889 0.33312
3.0849 1.3774 0.33284
3.08585 1.3667 0.33251
3.08671 1.3946 0.33018
3.08766 1.3686 0.33164
3.08852 1.3971 0.32928
3.08947 1.3855 0.32903
3.09043 1.3746 0.32872
3.09129 1.4018 0.32739
3.09224 1.3905 0.32713
3.0932 1.3799 0.32682
3.09406 1.4069 0.32451
3.09502 1.3952 0.32429
3.09598 1.3843 0.32400
3.09684 1.4112 0.32266
3.0978 1.4000 0.32242
3.09876 1.3895 0.32212
3.09962 1.4162 0.31981
3.10058 1.4048 0.31959
3.10154 1.3944 0.31929
3.10241 1.4214 0.31696
3.10337 1.3965 0.31748
3.10424 1.4233 0.31515
3.1052 1.4122 0.31493
3.10617 1.4018 0.31465
3.10704 1.4278 0.31237
3.108 1.4166 0.31216
3.10897 1.4064 0.31188
3.10984 1.4323 0.30960
3.11081 1.4214 0.30938
3.11177 1.4112 0.30818
3.11265 1.4363 0.30593
3.11362 1.4251 0.30574
3.11459 1.4151 0.30547
3.11546 1.4409 0.30318
3.11643 1.4172 0.30370
3.1173 1.4428 0.30050
3.11828 1.4317 0.30032
3.11925 1.4217 0.30006
3.12012 1.4466 0.29782
3.1211 1.4357 0.29673
3.12207 1.4256 0.29649
3.12295 1.4499 0.29427
3.12393 1.4394 0.29408
3.1249 1.4296 0.29293
3.12578 1.4534 0.29074
3.12676 1.4429 0.29056
3.12774 1.4335 0.29029
3.12862 1.4579 0.28717
3.1296 1.4350 0.28771
3.13048 1.4591 0.28461
3.13146 1.4486 0.28444
3.13244 1.4392 0.28419
3.13332 1.4624 0.28115
3.1343 1.4520 0.28098
3.13529 1.4425 0.27987
3.13617 1.4652 0.27775
3.13716 1.4551 0.27757
3.13814 1.4458 0.27646
3.13903 1.4684 0.27434
3.14001 1.4582 0.27331
3.141 1.4489 0.27308
3.14189 1.4711 0.27012
3.14288 1.4610 0.26996
3.14386 1.4521 0.26971
3.14475 1.4747 0.26673
3.14574 1.4532 0.26640
3.14663 1.4755 0.26430
3.14762 1.4657 0.26329
3.14861 1.4567 0.26307
3.14951 1.4780 0.26017
3.1505 1.4683 0.26001
3.15149 1.4596 0.25894
3.15239 1.4803 0.25610
3.15338 1.4704 0.25595
3.15438 1.4619 0.25572
3.15527 1.4828 0.25286
3.15627 1.4731 0.25189
3.15726 1.4645 0.25167
3.15816 1.4852 0.24883
3.15916 1.4652 0.24932
3.16006 1.4860 0.24649
3.16106 1.4768 0.24633
3.16206 1.4685 0.24528
3.16296 1.4882 0.24252
3.16396 1.4790 0.24237
3.16496 1.4708 0.24133
3.16586 1.4900 0.23861
3.16686 1.4810 0.23845
3.16787 1.4728 0.23743
3.16877 1.4919 0.23472
3.16977 1.4828 0.23458
3.17078 1.4748 0.23356
3.17168 1.4935 0.23088
3.17269 1.4846 0.23073
3.1737 1.4768 0.22972
3.1746 1.4955 0.22704
3.17561 1.4771 0.22749
3.17652 1.4960 0.22482
3.17753 1.4872 0.22389
3.17854 1.4794 0.22367
3.17945 1.4975 0.22106
3.18046 1.4888 0.22014
3.18147 1.4811 0.21992
3.18238 1.4989 0.21733
3.1834 1.4904 0.21641
3.18441 1.4826 0.21545
3.18532 1.4999 0.21366
3.18634 1.4917 0.21274
3.18735 1.4841 0.21177
3.18827 1.5015 0.20998
3.18928 1.4845 0.20962
3.1902 1.5016 0.20709
3.19122 1.4936 0.20693
3.19224 1.4865 0.20595
3.19315 1.5029 0.20348
3.19417 1.4948 0.20258
3.19519 1.4875 0.20237
3.19611 1.5038 0.19991
3.19714 1.4958 0.19902
3.19816 1.4887 0.19880
3.19908 1.5047 0.19637
3.2001 1.4969 0.19548
3.20113 1.4899 0.19526
3.20205 1.5057 0.19284
3.20307 1.4981 0.19195
3.2041 1.4912 0.19101
3.20503 1.5068 0.18934
3.20605 1.4915 0.18895
3.20698 1.5069 0.18657
3.20801 1.4995 0.18569
3.20904 1.4928 0.18547
3.20996 1.5078 0.18313
3.21099 1.5006 0.18224
3.21203 1.4940 0.18131
3.21295 1.5082 0.17902
3.21399 1.5011 0.17885
3.21502 1.4949 0.17790
3.21595 1.5091 0.17563
3.21699 1.5021 0.17475
3.21802 1.4957 0.17383
3.21895 1.5098 0.17226
3.21999 1.4959 0.17185
3.22092 1.5100 0.16959
3.22196 1.5033 0.16871
3.223 1.4973 0.16779
3.22393 1.5106 0.16559
3.22497 1.5039 0.16472
3.22601 1.4979 0.16381
3.22695 1.5108 0.16164
3.22799 1.5043 0.16078
3.22904 1.4984 0.15987
3.22997 1.5110 0.15773
3.23102 1.5046 0.15687
3.23206 1.4988 0.15597
3.233 1.5110 0.15386
3.23405 1.5047 0.15300
3.23509 1.4992 0.15210
3.23604 1.5113 0.15000
3.23708 1.4988 0.14957
3.23803 1.5108 0.14750
3.23908 1.5048 0.14664
3.24013 1.4994 0.14574
3.24107 1.5107 0.14372
3.24212 1.5048 0.14286
3.24317 1.4996 0.14196
3.24412 1.5107 0.13996
3.24517 1.5049 0.13847
3.24623 1.4994 0.13759
3.24717 1.5100 0.13564
3.24823 1.5042 0.13480
3.24929 1.4992 0.13391
3.25024 1.5097 0.13197
3.25129 1.4985 0.13150
3.25224 1.5090 0.12957
3.2533 1.5037 0.12871
3.25436 1.4988 0.12720
3.25531 1.5083 0.12534
3.25637 1.5028 0.12451
3.25744 1.4979 0.12363
3.25839 1.5074 0.12179
3.25945 1.5021 0.12095
3.26052 1.4975 0.12006
3.26147 1.5066 0.11764
3.26254 1.5012 0.11682
3.2636 1.4966 0.11594
3.26456 1.5055 0.11416
3.26563 1.4958 0.11363
3.26659 1.5045 0.11126
3.26765 1.4993 0.11044
3.26872 1.4948 0.10958
3.26968 1.5029 0.10787
3.27075 1.4980 0.10703
3.27182 1.4936 0.10616
3.27279 1.5016 0.10447
3.27386 1.4968 0.10305
3.27493 1.4922 0.10219
3.2759 1.4996 0.10055
3.27697 1.4949 0.099724
3.27804 1.4906 0.098862
3.27901 1.4978 0.097245
3.28009 1.4932 0.096414
3.28116 1.4891 0.095547
3.28213 1.4963 0.093944
3.28321 1.4880 0.093361
3.28418 1.4948 0.091206
3.28526 1.4902 0.090389
3.28634 1.4860 0.089537
3.28731 1.4923 0.088009
3.28839 1.4879 0.087185
3.28947 1.4839 0.086331
3.29045 1.4899 0.084833
3.29153 1.4855 0.084007
3.29261 1.4816 0.083154
3.29359 1.4873 0.081688
3.29468 1.4830 0.080864
3.29576 1.4791 0.080013
3.29674 1.4846 0.078572
3.29783 1.4769 0.077962
3.29881 1.4822 0.077096
3.29989 1.4783 0.076257
3.30098 1.4744 0.075407
3.30196 1.4793 0.074022
3.30306 1.4750 0.073208
3.30415 1.4711 0.072919
3.30513 1.4757 0.071559
3.30622 1.4716 0.071285
3.30732 1.4678 0.070438
3.3083 1.4722 0.069654
3.3094 1.4680 0.068830
3.31049 1.4640 0.068540
3.31148 1.4683 0.067769
3.31257 1.4613 0.067649
3.31356 1.4656 0.066885
3.31466 1.4615 0.066597
3.31576 1.4577 0.066295
3.31675 1.4615 0.065563
3.31785 1.4573 0.065817
3.31895 1.4534 0.065512
3.31994 1.4571 0.065333
3.32105 1.4531 0.065577
3.32215 1.4492 0.065807
3.32314 1.4530 0.065630
3.32425 1.4490 0.066408
3.32535 1.4451 0.066628
3.32635 1.4492 0.066991
3.32745 1.4453 0.067759
3.32856 1.4416 0.068512
3.32956 1.4462 0.068858
3.33067 1.4393 0.069768
3.33167 1.4442 0.070655
3.33278 1.4407 0.071404
3.33389 1.4373 0.072698
3.33489 1.4426 0.073026
3.336 1.4392 0.074326
3.33712 1.4360 0.075062
3.33812 1.4416 0.075937
3.33923 1.4387 0.077226
3.34035 1.4359 0.077947
3.34135 1.4421 0.078239
3.34247 1.4392 0.078973
3.34359 1.4364 0.079696
3.34459 1.4432 0.079964
3.34571 1.4369 0.080295
3.34672 1.4439 0.080553
3.34784 1.4412 0.080151
3.34896 1.4383 0.080317
3.34997 1.4450 0.080024
3.35109 1.4420 0.079632
3.35222 1.4390 0.079242
3.35323 1.4452 0.078969
3.35435 1.4420 0.078587
3.35548 1.4389 0.078203
3.35649 1.4446 0.077388
3.35762 1.4411 0.077590
3.35875 1.4377 0.077215
3.35976 1.4433 0.076978
3.36089 1.4396 0.077181
3.36202 1.4361 0.077374
3.36304 1.4420 0.077688
3.36417 1.4351 0.078041
3.36519 1.4411 0.078352
3.36632 1.4378 0.079104
3.36746 1.4347 0.079844
3.36848 1.4411 0.080140
3.36961 1.4382 0.080877
3.37075 1.4354 0.081041
3.37177 1.4420 0.081328
3.37291 1.4392 0.082063
3.37405 1.4366 0.082217
3.37507 1.4436 0.082480
3.37621 1.4412 0.082629
3.37735 1.4388 0.082203
3.37838 1.4460 0.081882
3.37952 1.4398 0.081642
3.38055 1.4468 0.080754
3.38169 1.4440 0.080355
3.38284 1.4413 0.079943
3.38387 1.4480 0.079072
3.38501 1.4450 0.078115
3.38616 1.4422 0.077715
3.38719 1.4483 0.076304
3.38834 1.4448 0.075376
3.38949 1.4415 0.075001
3.39052 1.4471 0.074188
3.39167 1.4434 0.073272
3.39282 1.4400 0.073469
3.39386 1.4451 0.072680
3.39501 1.4415 0.072888
3.39616 1.4380 0.073080
3.3972 1.4435 0.073405
3.39836 1.4370 0.073744
3.39939 1.4426 0.074065
3.40055 1.4396 0.074803
3.40171 1.4368 0.075529
3.40275 1.4430 0.075827
3.40391 1.4405 0.076545
3.40507 1.4381 0.076688
3.40611 1.4447 0.076964
3.40727 1.4426 0.077100
3.40843 1.4404 0.076666
3.40948 1.4471 0.076365
3.41064 1.4448 0.075941
3.4118 1.4426 0.075508
3.41285 1.4493 0.074634
3.41402 1.4436 0.073812
3.41507 1.4497 0.072402
3.41623 1.4470 0.072005
3.4174 1.4445 0.071030
3.41845 1.4499 0.069658
3.41962 1.4469 0.069276
3.42079 1.4442 0.068322
3.42185 1.4492 0.067536
3.42302 1.4462 0.067157
3.42419 1.4434 0.066761
3.42524 1.4484 0.065980
3.42642 1.4453 0.065602
3.42759 1.4427 0.065758
3.42865 1.4479 0.064967
3.42983 1.4422 0.064718
3.43088 1.4473 0.064490
3.43206 1.4447 0.064093
3.43324 1.4423 0.064236
3.4343 1.4474 0.063448
3.43548 1.4449 0.063047
3.43666 1.4425 0.062634
3.43773 1.4474 0.061864
3.43891 1.4448 0.061462
3.44009 1.4425 0.061049
3.44116 1.4473 0.060281
3.44234 1.4448 0.059333
3.44353 1.4423 0.058928
3.44459 1.4468 0.058178
3.44578 1.4442 0.057234
3.44697 1.4418 0.056828
3.44804 1.4460 0.055553
3.44923 1.4408 0.055283
3.4503 1.4448 0.054563
3.45149 1.4423 0.054164
3.45268 1.4398 0.053219
3.45375 1.4433 0.052528
3.45495 1.4406 0.052140
3.45614 1.4380 0.051740
3.45722 1.4415 0.051055
3.45841 1.4387 0.050667
3.45961 1.4360 0.050272
3.46069 1.4394 0.050136
3.46188 1.4368 0.049736
3.46308 1.4342 0.049336
3.46416 1.4376 0.049204
3.46536 1.4328 0.048900
3.46644 1.4361 0.048770
3.46765 1.4334 0.048371
3.46885 1.4308 0.048506
3.46993 1.4340 0.048385
3.47114 1.4315 0.048513
3.47234 1.4290 0.048102
3.47343 1.4321 0.047990
3.47464 1.4294 0.048125
3.47584 1.4268 0.048252
3.47693 1.4298 0.048143
3.47814 1.4273 0.048810
3.47935 1.4248 0.048929
3.48044 1.4282 0.049347
3.48165 1.4259 0.049464
3.48286 1.4235 0.049580
3.48396 1.4268 0.049463
3.48517 1.4220 0.050216
3.48626 1.4258 0.050627
3.48748 1.4235 0.050742
3.4887 1.4211 0.051396
3.48979 1.4249 0.051269
3.49101 1.4225 0.051927
3.49223 1.4203 0.052034
3.49333 1.4239 0.051911
3.49455 1.4214 0.052577
3.49577 1.4192 0.053229
3.49687 1.4232 0.053093
3.49809 1.4207 0.053213
3.49932 1.4183 0.053871
3.50042 1.4225 0.053734
3.50165 1.4175 0.053945
3.50275 1.4215 0.054364
3.50398 1.4189 0.054482
3.50521 1.4164 0.055148
3.50631 1.4204 0.055020
3.50754 1.4175 0.055151
3.50877 1.4145 0.055831
3.50988 1.4183 0.056266
3.51111 1.4154 0.056950
3.51235 1.4124 0.057633
3.51346 1.4160 0.058080
3.51469 1.4127 0.059338
3.51593 1.4094 0.061149
3.51704 1.4137 0.062146
3.51828 1.4075 0.064074
3.51939 1.4120 0.066210
3.52063 1.4092 0.069185
3.52187 1.4062 0.071609
3.52299 1.4121 0.074903
3.52423 1.4101 0.078504
3.52547 1.4083 0.082131
3.52659 1.4168 0.085416
3.52783 1.4162 0.089065
3.52908 1.4160 0.092127
3.5302 1.4271 0.094750
3.53145 1.4281 0.096579
3.5327 1.4294 0.097789
3.53382 1.4417 0.097251
3.53507 1.4426 0.096629
3.53632 1.4437 0.095383
3.53744 1.4552 0.092982
3.5387 1.4517 0.090775
3.53982 1.4619 0.086626
3.54108 1.4609 0.083717
3.54233 1.4602 0.080219
3.54346 1.4677 0.076273
3.54472 1.4655 0.072921
3.54597 1.4636 0.070153
3.54711 1.4694 0.066954
3.54836 1.4668 0.064266
3.54962 1.4647 0.062134
3.55076 1.4695 0.059048
3.55202 1.4666 0.056987
3.55328 1.4644 0.055457
3.55442 1.4685 0.053005
3.55568 1.4637 0.051637
3.55682 1.4675 0.049776
3.55809 1.4651 0.048281
3.55935 1.4630 0.046771
3.56049 1.4661 0.044966
3.56176 1.4639 0.044023
3.56303 1.4620 0.042513
3.56417 1.4648 0.040745
3.56544 1.4626 0.039807
3.56672 1.4607 0.038315
3.56786 1.4631 0.037121
3.56913 1.4610 0.036179
3.57041 1.4594 0.035216
3.57156 1.4616 0.033506
3.57283 1.4596 0.032573
3.57411 1.4578 0.031622
3.57526 1.4598 0.030468
3.57654 1.4567 0.029595
3.57769 1.4585 0.028457
3.57897 1.4566 0.027519
3.58025 1.4549 0.026575
3.58141 1.4564 0.025984
3.58269 1.4548 0.025035
3.58397 1.4532 0.024088
3.58513 1.4545 0.023510
3.58641 1.4530 0.022561
3.5877 1.4515 0.021614
3.58886 1.4525 0.021053
3.59015 1.4509 0.020111
3.59144 1.4494 0.019680
3.5926 1.4505 0.019120
3.59389 1.4483 0.018211
3.59505 1.4490 0.017668
3.59635 1.4477 0.017229
3.59764 1.4464 0.016276
3.59881 1.4470 0.015748
3.6001 1.4456 0.015312
3.6014 1.4443 0.014869
3.60257 1.4449 0.014340
3.60386 1.4436 0.013898
3.60516 1.4425 0.013450
3.60633 1.4429 0.012928
3.60763 1.4417 0.012483
3.60894 1.4406 0.012033
3.61011 1.4409 0.011518
3.61141 1.4392 0.011097
3.61259 1.4395 0.011091
3.61389 1.4385 0.010634
3.6152 1.4375 0.010178
3.61637 1.4376 0.0096748
3.61768 1.4366 0.0097268
3.61899 1.4357 0.0092654
3.62017 1.4357 0.0087638
3.62148 1.4347 0.0088131
3.62279 1.4338 0.0083528
3.62398 1.4340 0.0083523
3.62529 1.4331 0.0078888
3.6266 1.4321 0.0074320
3.62779 1.4321 0.0074401
3.62911 1.4313 0.0074768
3.63042 1.4305 0.0070100
3.63161 1.4306 0.0070119
3.63293 1.4295 0.0065570
3.63412 1.4295 0.0065608
3.63544 1.4287 0.0060949
3.63676 1.4278 0.0061331
3.63795 1.4279 0.0061340
3.63928 1.4272 0.0056632
3.6406 1.4265 0.0056951
3.64179 1.4265 0.0051990
3.64312 1.4256 0.0052347
3.64445 1.4250 0.0052617
3.64564 1.4250 0.0047648
3.64697 1.4242 0.0047984
3.6483 1.4236 0.0048234
3.6495 1.4235 0.0043275
3.65083 1.4225 0.0043664
3.65203 1.4225 0.0043731
3.65337 1.4220 0.0043952
3.6547 1.4214 0.0039172
3.65591 1.4212 0.0039277
3.65724 1.4207 0.0039496
3.65858 1.4201 0.0034714
3.65979 1.4198 0.0034840
3.66113 1.4192 0.0035086
3.66247 1.4186 0.0035300
3.66367 1.4187 0.0035334
3.66502 1.4181 0.0030522
3.66636 1.4174 0.0030775
3.66757 1.4173 0.0030856
3.66892 1.4169 0.0031028
3.67026 1.4164 0.0026197
3.67148 1.4161 0.0026326
3.67282 1.4154 0.0026572
3.67404 1.4152 0.0026653
3.67539 1.4148 0.0026827
3.67674 1.4144 0.0026970
3.67796 1.4143 0.0022011
3.67931 1.4136 0.0022235
3.68067 1.4131 0.0022421
3.68189 1.4130 0.0022502
3.68324 1.4125 0.0022659
3.6846 1.4122 0.0022783
3.68582 1.4120 0.0017822
3.68718 1.4114 0.0018029
3.68854 1.4109 0.0018201
3.68976 1.4107 0.0018289
3.69113 1.4102 0.0018466
3.69235 1.4100 0.0018532
3.69372 1.4097 0.0018663
3.69508 1.4094 0.0018766
3.69631 1.4092 0.0013795
3.69768 1.4087 0.0013976
3.69905 1.4082 0.0014126
3.70028 1.4080 0.0014210
3.70165 1.4076 0.0014338
3.70302 1.4073 0.0014439
3.70425 1.4070 0.00094867
3.70563 1.4066 0.0014677
3.707 1.4063 0.00097227
3.70824 1.4060 0.00098324
3.70961 1.4055 0.00099683
3.71099 1.4051 0.0010095
3.71223 1.4049 0.0010176
3.71361 1.4045 0.0010304
3.71485 1.4043 0.0010376
3.71623 1.4039 0.0010486
3.71761 1.4036 0.0010591
3.71885 1.4034 0.0010648
3.72024 1.4032 0.0010724
3.72162 1.4029 0.00057554
3.72287 1.4025 0.00058699
3.72426 1.4020 0.00059891
3.72564 1.4016 0.00060987
3.72689 1.4014 0.00061798
3.72828 1.4010 0.00062895
3.72967 1.4006 0.00063896
3.73093 1.4004 0.00064659
3.73232 1.4000 0.00065708
3.73357 1.3998 0.00066376
3.73497 1.3994 0.00067329
3.73636 1.3991 0.00068283
3.73762 1.3989 0.00068951
3.73902 1.3985 0.00069857
3.74042 1.3982 0.00070715
3.74167 1.3980 0.00071383
3.74308 1.3976 0.00072289
3.74448 1.3973 0.00073123
3.74574 1.3971 0.00073743
3.74714 1.3968 0.00074577
3.74855 1.3965 0.00075436
3.74981 1.3963 0.00076008
3.75122 1.3959 0.00076866
3.75249 1.3957 0.00077438
3.75389 1.3954 0.00078201
3.7553 1.3951 0.00078988
3.75657 1.3950 0.00079393
3.75799 1.3945 0.00029230
3.7594 1.3940 0.00081515
3.76067 1.3939 0.00081921
3.76209 1.3937 0.00082493
3.7635 1.3932 0.00032210
3.76478 1.3928 0.00084376
3.76619 1.3926 0.00084972
3.76761 1.3923 0.00085688
3.76889 1.3920 0.00086260
3.77031 1.3917 0.00087023
3.77173 1.3913 0.00087833
3.77302 1.3910 0.00088453
3.77444 1.3905 0.00089502
3.77572 1.3903 0.0014157
3.77715 1.3901 0.0014210
3.77858 1.3897 0.0014281
3.77986 1.3895 0.0014329
3.78129 1.3891 0.0014420
3.78272 1.3887 0.0019670
3.78401 1.3887 0.0019686
3.78544 1.3884 0.0019760
3.78687 1.3879 0.0019851
3.78817 1.3878 0.0025070
3.7896 1.3876 0.0025125
3.79104 1.3872 0.0025196
3.79233 1.3871 0.0025239
3.79377 1.3866 0.0030532
3.79507 1.3867 0.0030541
3.79651 1.3863 0.0030625
3.79795 1.3859 0.0035915
3.79925 1.3861 0.0035920
3.80069 1.3857 0.0036001
3.80214 1.3853 0.0041304
3.80344 1.3856 0.0041304
3.80489 1.3851 0.0041387
3.80633 1.3848 0.0046706
3.80764 1.3850 0.0046706
3.80909 1.3848 0.0052023
3.81054 1.3846 0.0052080
3.81185 1.3849 0.0052075
3.8133 1.3845 0.0052161
3.81476 1.3841 0.0057504
3.81607 1.3846 0.0057483
3.81752 1.3839 0.0057597
3.81883 1.3844 0.0062866
3.82029 1.3843 0.0062921
3.82175 1.3840 0.0062990
3.82307 1.3844 0.0062978
3.82453 1.3840 0.0063066
3.82599 1.3837 0.0068440
3.82731 1.3843 0.0068407
3.82878 1.3841 0.0068476
3.83024 1.3838 0.0068545
3.83156 1.3843 0.0068529
3.83303 1.3840 0.0068607
3.8345 1.3837 0.0068684
3.83583 1.3842 0.0068669
3.8373 1.3835 0.0068779
3.83862 1.3840 0.0068769
3.8401 1.3836 0.0068851
3.84157 1.3832 0.0068934
3.8429 1.3835 0.0068936
3.84438 1.3832 0.0074346
3.84586 1.3830 0.0074406
3.84719 1.3836 0.0074382
3.84867 1.3834 0.0074453
3.85015 1.3831 0.0074527
3.85149 1.3837 0.0074506
3.85297 1.3834 0.0074577
3.85446 1.3833 0.0074639
3.85579 1.3838 0.0069277
3.85728 1.3830 0.0069401
3.85862 1.3834 0.0069396
3.86011 1.3830 0.0069478
3.8616 1.3826 0.0069556
3.86294 1.3831 0.0069547
3.86444 1.3828 0.0069623
3.86593 1.3824 0.0069695
3.86728 1.3830 0.0069675
3.86877 1.3826 0.0064394
3.87027 1.3821 0.0064487
3.87162 1.3824 0.0064492
3.87312 1.3820 0.0064573
3.87462 1.3815 0.0064650
3.87597 1.3819 0.0064650
3.87747 1.3815 0.0064731
3.87898 1.3811 0.0064807
3.88033 1.3814 0.0064807
3.88184 1.3807 0.0064907
3.88319 1.3810 0.0064919
3.8847 1.3805 0.0065002
3.88621 1.3801 0.0070462
3.88757 1.3807 0.0070450
3.88908 1.3803 0.0070519
3.8906 1.3800 0.0070586
3.89196 1.3804 0.0070591
3.89347 1.3800 0.0070662
3.89499 1.3796 0.0070736
3.89636 1.3800 0.0070744
3.89788 1.3795 0.0070825
3.8994 1.3791 0.0076308
3.90076 1.3798 0.0076299
3.90229 1.3791 0.0076392
3.90366 1.3797 0.0076389
3.90518 1.3793 0.0076463
3.90671 1.3788 0.0076535
3.90808 1.3792 0.0076549
3.90961 1.3788 0.0082054
3.91114 1.3786 0.0082116
3.91252 1.3792 0.0082114
3.91405 1.3788 0.0082188
3.91558 1.3783 0.0082269
3.91696 1.3790 0.0087717
3.9185 1.3788 0.0087776
3.92003 1.3785 0.0087843
3.92141 1.3792 0.0087838
3.92295 1.3789 0.0087910
3.92449 1.3785 0.0087986
3.92588 1.3790 0.0087991
3.92742 1.3783 0.0093565
3.92881 1.3793 0.0093546
3.93035 1.3790 0.0093613
3.9319 1.3787 0.0093684
3.93329 1.3795 0.0093672
3.93484 1.3792 0.0093741
3.93639 1.3790 0.0093813
3.93778 1.3798 0.0093803
3.93933 1.3795 0.0093875
3.94089 1.3792 0.0093944
3.94228 1.3800 0.0093930
3.94384 1.3798 0.0093999
3.9454 1.3796 0.0094066
3.9468 1.3805 0.0094037
3.94836 1.3799 0.0088634
3.94976 1.3805 0.0088630
3.95132 1.3802 0.0088701
3.95288 1.3801 0.0088758
3.95429 1.3808 0.0083246
3.95585 1.3804 0.0083323
3.95742 1.3801 0.0083389
3.95883 1.3809 0.0083375
3.9604 1.3806 0.0077934
3.96197 1.3802 0.0078008
3.96338 1.3808 0.0078003
3.96495 1.3807 0.0078058
3.96652 1.3805 0.0072610
3.96794 1.3810 0.0072608
3.96951 1.3807 0.0067170
3.97109 1.3803 0.0067236
3.97251 1.3809 0.0067232
3.97409 1.3803 0.0061805
3.97551 1.3807 0.0061815
3.97709 1.3805 0.0061865
3.97867 1.3802 0.0056415
3.9801 1.3806 0.0056424
3.98168 1.3803 0.0050981
3.98327 1.3798 0.0051041
3.9847 1.3802 0.0051045
3.98629 1.3799 0.0045595
3.98788 1.3795 0.0045650
3.98931 1.3799 0.0045657
3.9909 1.3795 0.0040207
3.99249 1.3792 0.0040255
3.99393 1.3794 0.0040267
3.99553 1.3790 0.0034819
3.99696 1.3790 0.0034838
3.99856 1.3788 0.0034876
4.00016 1.3785 0.0029411
4.0016 1.3784 0.0029440
4.0032 1.3781 0.0029473
4.00481 1.3780 0.0029504
4.00625 1.3780 0.0024023
4.00786 1.3776 0.0024061
4.00946 1.3772 0.0024092
4.01091 1.3773 0.0024111
4.01252 1.3772 0.0024137
4.01413 1.3769 0.0018659
4.01558 1.3767 0.0018680
4.01719 1.3763 0.0018711
4.01865 1.3763 0.0018730
4.02026 1.3761 0.0018754
4.02188 1.3760 0.0018775
4.02334 1.3759 0.0013280
4.02495 1.3755 0.0013306
4.02658 1.3751 0.0013328
4.02804 1.3750 0.0013344
4.02966 1.3747 0.0013366
4.03128 1.3745 0.0013380
4.03275 1.3744 0.0013399
4.03437 1.3741 0.0013418
4.036 1.3739 0.0013435
4.03747 1.3739 0.0013447
4.0391 1.3737 0.0013466
4.04073 1.3735 0.0013483
4.0422 1.3735 0.0013494
4.04384 1.3731 0.00079751
4.04531 1.3730 0.0013528
4.04694 1.3727 0.00080013
4.04858 1.3725 0.0013561
4.05006 1.3723 0.00080252
4.0517 1.3720 0.0013585
4.05334 1.3719 0.0013604
4.05482 1.3719 0.0013614
4.05647 1.3717 0.0013628
4.05811 1.3716 0.0013642
4.05959 1.3715 0.0013657
4.06124 1.3713 0.0013671
4.06289 1.3712 0.0013680
4.06438 1.3711 0.0013695
4.06603 1.3709 0.0013709
4.06752 1.3709 0.0013721
4.06918 1.3707 0.0013728
4.07083 1.3705 0.0013742
4.07232 1.3705 0.0013757
4.07398 1.3703 0.0013766
4.07564 1.3701 0.0013778
4.07714 1.3701 0.0013793
4.0788 1.3699 0.0013804
4.08047 1.3697 0.0013814
4.08197 1.3697 0.0013826
4.08363 1.3696 0.0013838
4.0853 1.3694 0.0013847
4.0868 1.3694 0.0013862
4.08847 1.3692 0.0013869
4.09015 1.3690 0.0013881
4.09165 1.3690 0.0013890
4.09333 1.3688 0.0013897
4.09484 1.3688 0.0013912
4.09651 1.3686 0.0013921
4.09819 1.3684 0.0013928
4.0997 1.3684 0.0013940
4.10139 1.3682 0.0013950
4.10307 1.3681 0.0013957
4.10458 1.3681 0.0013971
4.10627 1.3679 0.0013976
4.10796 1.3677 0.0013983
4.10948 1.3677 0.0013998
4.11117 1.3675 0.0014005
4.11286 1.3674 0.0014009
4.11438 1.3674 0.0014024
4.11607 1.3671 0.0014029
4.1176 1.3671 0.0014038
4.11929 1.3670 0.0014048
4.12099 1.3668 0.0014050
4.12252 1.3668 0.0014064
4.12422 1.3666 0.0014071
4.12592 1.3665 0.0014076
4.12746 1.3665 0.0014088
4.12916 1.3663 0.0014093
4.13087 1.3661 0.0014100
4.1324 1.3661 0.0014110
4.13411 1.3660 0.0014114
4.13582 1.3658 0.0014122
4.13736 1.3658 0.0014133
4.13907 1.3656 0.0014136
4.14062 1.3656 0.0014148
4.14233 1.3655 0.0014153
4.14405 1.3654 0.0014164
4.14559 1.3653 0.00084734
4.14731 1.3649 0.0014160
4.14903 1.3649 0.0014169
4.15058 1.3649 0.0014184
4.15231 1.3648 0.0014191
4.15403 1.3647 0.0014195
4.15559 1.3648 0.0014212
4.15731 1.3645 0.00084972
4.15904 1.3641 0.0014198
4.1606 1.3643 0.0014219
4.16233 1.3643 0.0014229
4.16406 1.3641 0.00085115
4.16563 1.3638 0.00085020
4.16736 1.3636 0.0014224
4.16892 1.3636 0.00085044
4.17066 1.3634 0.0014234
4.1724 1.3633 0.00085044
4.17397 1.3630 0.00084925
4.17571 1.3629 0.0014229
4.17746 1.3627 0.00084877
4.17903 1.3626 0.0014229
4.18078 1.3626 0.0014246
4.18253 1.3623 0.00084877
4.1841 1.3621 0.0014231
4.18585 1.3621 0.0014238
4.1876 1.3619 0.0014238
4.18918 1.3619 0.0014250
4.19094 1.3617 0.0014243
4.19252 1.3617 0.0014255
4.19428 1.3615 0.0014253
4.19604 1.3613 0.0014248
4.19762 1.3613 0.0014257
4.19939 1.3611 0.0014248
4.20115 1.3609 0.0014241
4.20274 1.3608 0.0014243
4.20451 1.3605 0.0014229
4.20628 1.3603 0.0020022
4.20787 1.3604 0.0014238
4.20964 1.3601 0.0020022
4.21141 1.3600 0.0020027
4.21301 1.3600 0.0020046
4.21479 1.3598 0.0020041
4.21656 1.3594 0.0020018
4.21816 1.3595 0.0025859
4.21994 1.3594 0.0025866
4.22155 1.3596 0.0025897
4.22333 1.3594 0.0025899
4.22511 1.3591 0.0025885
4.22672 1.3594 0.0031762
4.22851 1.3595 0.0031796
4.2303 1.3594 0.0025959
4.23191 1.3593 0.0025964
4.2337 1.3591 0.0031815
4.23549 1.3592 0.0031841
4.23711 1.3593 0.0026011
4.2389 1.3591 0.0031857
4.2407 1.3591 0.0031886
4.24232 1.3592 0.0026052
4.24412 1.3588 0.0031891
4.24574 1.3593 0.0031953
4.24755 1.3591 0.0026090
4.24935 1.3588 0.0026069
4.25098 1.3588 0.0026088
4.25279 1.3586 0.0026083
4.25459 1.3584 0.0026081
4.25622 1.3583 0.0020199
4.25804 1.3578 0.0026045
4.25985 1.3575 0.0026028
4.26148 1.3578 0.0031958
4.2633 1.3576 0.0026059
4.26512 1.3572 0.0031934
4.26676 1.3575 0.0031981
4.26858 1.3571 0.0031953
4.27022 1.3574 0.0037928
4.27204 1.3573 0.0032020
4.27387 1.3572 0.0037935
4.27551 1.3574 0.0032063
4.27734 1.3572 0.0037985
4.27917 1.3571 0.0032065
4.28082 1.3570 0.0032074
4.28266 1.3569 0.0038006
4.28449 1.3565 0.0032053
4.28614 1.3569 0.0043998
4.28798 1.3568 0.0032115
4.28982 1.3566 0.0044012
4.29148 1.3569 0.0032163
4.29332 1.3567 0.0044062
4.29516 1.3565 0.0032153
4.29682 1.3568 0.0044117
4.29867 1.3564 0.0032177
4.30034 1.3567 0.0044155
4.30219 1.3566 0.0032237
4.30404 1.3562 0.0038176
4.30571 1.3564 0.0032244
4.30756 1.3561 0.0038197
4.30942 1.3558 0.0032206
4.31109 1.3558 0.0038207
4.31295 1.3557 0.0038214
4.31481 1.3555 0.0038209
4.31648 1.3558 0.0038259
4.31835 1.3556 0.0038257
4.32021 1.3553 0.0038245
4.32189 1.3556 0.0038295
4.32376 1.3552 0.0038266
4.32545 1.3554 0.0038309
4.32732 1.3551 0.0038300
4.32919 1.3549 0.0038290
4.33088 1.3551 0.0038333
4.33276 1.3548 0.0038319
4.33463 1.3545 0.0038300
4.33633 1.3547 0.0038342
4.33821 1.3544 0.0038323
4.34009 1.3540 0.0038285
4.34179 1.3543 0.0044382
4.34367 1.3541 0.0038335
4.34556 1.3537 0.0044343
4.34726 1.3541 0.0044420
4.34915 1.3537 0.0044389
4.35085 1.3540 0.0044456
4.35275 1.3538 0.0044446
4.35464 1.3535 0.0044432
4.35635 1.3538 0.0044489
4.35825 1.3535 0.0044475
4.36015 1.3532 0.0044456
4.36186 1.3534 0.0044508
4.36376 1.3531 0.0044479
4.36567 1.3526 0.0044432
4.36738 1.3529 0.0050573
4.36929 1.3528 0.0050590
4.3712 1.3526 0.0050585
4.37292 1.3530 0.0050659
4.37484 1.3527 0.0050650
4.37675 1.3524 0.0050626
4.37848 1.3527 0.0050693
4.38039 1.3520 0.0050616
4.38212 1.3524 0.0056820
4.38404 1.3522 0.0050693
4.38596 1.3517 0.0056772
4.3877 1.3522 0.0056870
4.38962 1.3520 0.0056863
4.39155 1.3516 0.0056839
4.39329 1.3519 0.0056901
4.39522 1.3516 0.0063024
4.39715 1.3515 0.0063038
4.39889 1.3520 0.0063145
4.40083 1.3517 0.0063138
4.40276 1.3514 0.0063124
4.40451 1.3519 0.0063219
4.40645 1.3512 0.0063150
4.4082 1.3515 0.0063224
4.41014 1.3512 0.0069380
4.41209 1.3510 0.0069389
4.41384 1.3516 0.0069506
4.41579 1.3513 0.0069494
4.41774 1.3509 0.0069470
4.4195 1.3513 0.0069556
4.42145 1.3510 0.0075741
4.42341 1.3508 0.0075753
4.42517 1.3514 0.0075884
4.42713 1.3511 0.0075874
4.42909 1.3508 0.0075853
4.43086 1.3512 0.0075953
4.43282 1.3509 0.0082164
4.43479 1.3507 0.0082178
4.43656 1.3514 0.0082321
4.43853 1.3507 0.0082254
4.4403 1.3512 0.0082374
4.44227 1.3510 0.0088615
4.44425 1.3509 0.0088639
4.44603 1.3517 0.0088801
4.448 1.3514 0.0088809
4.44998 1.3511 0.0088806
4.45177 1.3519 0.0088959
4.45375 1.3516 0.0088954
4.45573 1.3512 0.0088949
4.45752 1.3519 0.0089092
4.45951 1.3515 0.0089078
4.4615 1.3511 0.0089054
4.46329 1.3519 0.0095501
4.46528 1.3512 0.0089159
4.46708 1.3519 0.0095587
4.46907 1.3518 0.0095611
4.47107 1.3515 0.0095625
4.47287 1.3524 0.0095787
4.47487 1.3521 0.0095794
4.47688 1.3518 0.0095799
4.47868 1.3526 0.0095959
4.48069 1.3523 0.0095968
4.4827 1.3520 0.0095973
4.48451 1.3529 0.0096140
4.48652 1.3527 0.0096152
4.48853 1.3525 0.0096183
4.49035 1.3533 0.0090015
4.49236 1.3528 0.0089986
4.49438 1.3524 0.0089970
4.4962 1.3531 0.0090110
4.49822 1.3523 0.0090044
4.50005 1.3530 0.0090189
4.50207 1.3527 0.0090184
4.5041 1.3523 0.0090177
4.50593 1.3531 0.0090325
4.50796 1.3528 0.0090325
4.50999 1.3525 0.0090325
4.51182 1.3532 0.0090477
4.51386 1.3531 0.0090501
4.5159 1.3528 0.0084152
4.51773 1.3532 0.0084257
4.51977 1.3528 0.0084233
4.52182 1.3524 0.0084214
4.52366 1.3530 0.0084348
4.52571 1.3523 0.0084281
4.52755 1.3529 0.0084412
4.5296 1.3525 0.0084400
4.53165 1.3522 0.0084388
4.5335 1.3528 0.0084519
4.53556 1.3525 0.0084512
4.53762 1.3521 0.0084500
4.53947 1.3528 0.0084636
4.54153 1.3524 0.0084627
4.5436 1.3521 0.0084615
4.54545 1.3527 0.0084753
4.54752 1.3524 0.0084743
4.54959 1.3521 0.0084736
4.55145 1.3527 0.0084877
4.55353 1.3520 0.0084810
4.55539 1.3527 0.0084951
4.55747 1.3524 0.0084944
4.55955 1.3521 0.0084939
4.56142 1.3528 0.0085080
4.5635 1.3524 0.0085073
4.56558 1.3521 0.0085070
4.56746 1.3528 0.0085218
4.56955 1.3526 0.0085220
4.57164 1.3524 0.0085235
4.57352 1.3529 0.0078931
4.57561 1.3526 0.0085340
4.57771 1.3522 0.0078897
4.57959 1.3529 0.0085464
4.58169 1.3526 0.0079026
4.58379 1.3523 0.0085464
4.58568 1.3531 0.0079179
4.58779 1.3523 0.0079093
4.58968 1.3528 0.0079217
4.59179 1.3525 0.0079205
4.5939 1.3522 0.0079191
4.5958 1.3528 0.0079322
4.59791 1.3525 0.0079317
4.60003 1.3522 0.0079310
4.60193 1.3528 0.0079451
4.60405 1.3526 0.0079455
4.60617 1.3525 0.0079477
4.60808 1.3531 0.0073137
4.61021 1.3526 0.0073094
4.61233 1.3522 0.0073068
4.61425 1.3527 0.0073185
4.61638 1.3521 0.0073113
4.6183 1.3526 0.0073237
4.62043 1.3523 0.0073228
4.62257 1.3520 0.0073218
4.62449 1.3527 0.0073352
4.62663 1.3525 0.0073369
4.62877 1.3522 0.0066864
4.6307 1.3525 0.0066948
4.63285 1.3521 0.0066912
4.63499 1.3518 0.0066881
4.63693 1.3522 0.0066991
4.63908 1.3519 0.0066969
4.64123 1.3515 0.0066948
4.64317 1.3520 0.0067058
4.64533 1.3515 0.0066996
4.64727 1.3520 0.0067115
4.64943 1.3518 0.0067124
4.6516 1.3515 0.0060582
4.65354 1.3517 0.0060637
4.65571 1.3512 0.0060582
4.65788 1.3507 0.0060525
4.65983 1.3509 0.0060587
4.662 1.3502 0.0060501
4.66418 1.3497 0.0066967
4.66614 1.3500 0.0067058
4.66832 1.3494 0.0073547
4.6705 1.3490 0.0080078
4.67246 1.3498 0.0086823
4.67464 1.3496 0.0093431
4.67683 1.3499 0.010674
4.6788 1.3515 0.010705
4.68099 1.3517 0.011375
4.68296 1.3535 0.010745
4.68516 1.3539 0.010757
4.68735 1.3546 0.010110
4.68933 1.3558 0.0088124
4.69153 1.3557 0.0081565
4.69373 1.3556 0.0068412
4.69572 1.3559 0.0061920
4.69792 1.3554 0.0055308
4.70013 1.3548 0.0048676
4.70212 1.3549 0.0048718
4.70433 1.3544 0.0042102
4.70655 1.3539 0.0042036
4.70854 1.3541 0.0042095
4.71076 1.3535 0.0035453
4.71276 1.3534 0.0035453
4.71498 1.3530 0.0035400
4.7172 1.3527 0.0035353
4.71921 1.3528 0.0035400
4.72144 1.3526 0.0035377
4.72367 1.3525 0.0035381
4.72567 1.3527 0.0028839
4.72791 1.3522 0.0028768
4.73015 1.3519 0.0028720
4.73216 1.3519 0.0028753
4.7344 1.3517 0.0028720
4.73664 1.3515 0.0028706
4.73866 1.3518 0.0028768
4.74091 1.3515 0.0022140
4.74316 1.3511 0.0022066
4.74518 1.3511 0.0022068
4.74744 1.3507 0.0022008
4.74947 1.3507 0.0022020
4.75172 1.3505 0.0021987
4.75398 1.3503 0.0021949
4.75602 1.3503 0.0021973
4.75828 1.3501 0.0021944
4.76054 1.3500 0.0021923
4.76259 1.3501 0.0021954
4.76485 1.3499 0.0021939
4.76713 1.3500 0.0021954
4.76917 1.3500 0.0015340
4.77145 1.3496 0.0015264
4.77373 1.3493 0.0015209
4.77578 1.3492 0.0015206
4.77806 1.3489 0.0015149
4.78011 1.3489 0.0015152
4.7824 1.3487 0.0015116
4.78469 1.3485 0.0015078
4.78675 1.3485 0.0015082
4.78904 1.3483 0.0015049
4.79134 1.3481 0.0015013
4.7934 1.3481 0.0015020
4.7957 1.3479 0.0014987
4.798 1.3477 0.0014956
4.80008 1.3477 0.0014961
4.80238 1.3476 0.0014930
4.80469 1.3474 0.0014896
4.80677 1.3474 0.0014906
4.80908 1.3472 0.0014875
4.81139 1.3471 0.0014846
4.81348 1.3471 0.0014858
4.8158 1.3468 0.0014811
4.81788 1.3468 0.0014820
4.82021 1.3467 0.0014789
4.82253 1.3465 0.0014758
4.82462 1.3465 0.0014768
4.82695 1.3464 0.0014734
4.82928 1.3462 0.0014701
4.83138 1.3462 0.0014713
4.83372 1.3460 0.0014679
4.83606 1.3459 0.0014644
4.83816 1.3459 0.0014653
4.84051 1.3457 0.0014620
4.84285 1.3455 0.0014584
4.84496 1.3455 0.0014591
4.84731 1.3452 0.0014539
4.84943 1.3452 0.0014544
4.85178 1.3450 0.0014493
4.85413 1.3448 0.0014439
4.85625 1.3446 0.0014405
4.85861 1.3444 0.0021148
4.86098 1.3445 0.0021167
4.8631 1.3447 0.0021224
4.86547 1.3446 0.0021210
4.86784 1.3444 0.0021191
4.86997 1.3446 0.0021229
4.87234 1.3444 0.0021210
4.87472 1.3443 0.0021183
4.87686 1.3444 0.0021219
4.87924 1.3441 0.0021167
4.88138 1.3442 0.0021200
4.88377 1.3441 0.0021167
4.88615 1.3438 0.0021126
4.8883 1.3438 0.0021129
4.89069 1.3438 0.0027981
4.89309 1.3438 0.0021157
4.89524 1.3437 0.0021129
4.89764 1.3436 0.0027971
4.90004 1.3435 0.0021095
4.9022 1.3435 0.0027971
4.90461 1.3436 0.0027995
4.90701 1.3435 0.0028000
4.90918 1.3438 0.0028076
4.91159 1.3438 0.0028081
4.914 1.3437 0.0028086
4.91618 1.3441 0.0028195
4.9186 1.3439 0.0021279
4.92078 1.3438 0.0021267
4.9232 1.3436 0.0021224
4.92562 1.3434 0.0021181
4.92781 1.3435 0.0021210
4.93024 1.3433 0.0021179
4.93267 1.3431 0.0021143
4.93486 1.3432 0.0021179
4.9373 1.3431 0.0021148
4.93974 1.3429 0.0021117
4.94193 1.3430 0.0021152
4.94438 1.3429 0.0021126
4.94682 1.3427 0.0021093
4.94903 1.3428 0.0021133
4.95148 1.3426 0.0021079
4.95368 1.3427 0.0021117
4.95614 1.3425 0.0021091
4.9586 1.3424 0.0021062
4.96081 1.3425 0.0021100
4.96327 1.3424 0.0021076
4.96574 1.3422 0.0021048
4.96796 1.3423 0.0021088
4.97043 1.3422 0.0021062
4.9729 1.3421 0.0021036
4.97512 1.3422 0.0021076
4.9776 1.3421 0.0021055
4.98008 1.3419 0.0021029
4.98231 1.3421 0.0021071
4.9848 1.3419 0.0021050
4.98728 1.3418 0.0021036
4.98952 1.3420 0.0021081
4.99201 1.3418 0.0021048
4.99426 1.3420 0.0021110
4.99675 1.3421 0.0021138
4.99925 1.3420 0.0014129
5.0015 1.3418 0.0014091
5.004 1.3416 0.0014033
5.00651 1.3414 0.0013986
5.00877 1.3414 0.0013990
5.01128 1.3412 0.0013952
5.01379 1.3410 0.0013914
5.01605 1.3411 0.0013924
5.01857 1.3409 0.0013890
5.02109 1.3408 0.0013852
5.02336 1.3408 0.0013864
5.02588 1.3406 0.0013819
5.02816 1.3406 0.0013833
5.03069 1.3405 0.0013800
5.03322 1.3403 0.0013769
5.0355 1.3404 0.0013781
5.03804 1.3402 0.0013747
5.04058 1.3401 0.0013719
5.04286 1.3401 0.0013735
5.04541 1.3400 0.0013709
5.04796 1.3399 0.0013680
5.05025 1.3399 0.0013700
5.0528 1.3398 0.0013676
5.05536 1.3398 0.0013659
5.05766 1.3399 0.0013709
5.06022 1.3396 0.00065446
5.06252 1.3395 0.0013602
5.06509 1.3393 0.00064707
5.06765 1.3391 0.0013504
5.06997 1.3390 0.00063968
5.07254 1.3387 0.0013409
5.07511 1.3387 0.0013416
5.07743 1.3388 0.0013442
5.08001 1.3387 0.0013421
5.08259 1.3386 0.0013394
5.08492 1.3386 0.0013416
5.08751 1.3385 0.0013385
5.09009 1.3384 0.0013359
5.09243 1.3385 0.0013378
5.09502 1.3383 0.0013351
5.09762 1.3382 0.0013325
5.09996 1.3383 0.0013354
5.10256 1.3383 0.0013342
5.10491 1.3381 0.00061417
5.10751 1.3377 0.0013199
5.11012 1.3377 0.0013194
5.11247 1.3378 0.0013220
5.11509 1.3376 0.0013192
5.11771 1.3375 0.0013161
5.12007 1.3376 0.0013180
5.12269 1.3374 0.0013151
5.12531 1.3373 0.0013118
5.12768 1.3374 0.0013137
5.13031 1.3372 0.0013103
5.13294 1.3371 0.0013070
5.13532 1.3371 0.0013087
5.13795 1.3370 0.0013037
5.14033 1.3370 0.0013051
5.14297 1.3369 0.0013022
5.14562 1.3367 0.0012989
5.14801 1.3368 0.0013001
5.15066 1.3366 0.0012970
5.15331 1.3365 0.0012937
5.1557 1.3365 0.0012951
5.15836 1.3364 0.0012918
5.16102 1.3363 0.0012884
5.16342 1.3363 0.0012898
5.16609 1.3362 0.0012865
5.16876 1.3361 0.0012832
5.17117 1.3361 0.0012846
5.17384 1.3360 0.0012813
5.17652 1.3358 0.0012777
5.17893 1.3359 0.0012794
5.18162 1.3357 0.0012741
5.18403 1.3357 0.0012753
5.18672 1.3356 0.0012722
5.18941 1.3354 0.0012684
5.19184 1.3355 0.0012698
5.19454 1.3353 0.0012665
5.19724 1.3352 0.0012631
5.19967 1.3352 0.0012646
5.20237 1.3351 0.0012608
5.20508 1.3350 0.0012574
5.20752 1.3350 0.0012589
5.21023 1.3349 0.0012553
5.21295 1.3347 0.0012517
5.2154 1.3348 0.0012531
5.21812 1.3346 0.0012479
5.22057 1.3346 0.0012493
5.2233 1.3345 0.0012455
5.22603 1.3344 0.0012422
5.22848 1.3344 0.0012431
5.23122 1.3342 0.0012398
5.23396 1.3341 0.0012364
5.23642 1.3341 0.0012374
5.23917 1.3340 0.0012338
5.24191 1.3339 0.0012302
5.24439 1.3339 0.0012310
5.24714 1.3338 0.0012279
5.2499 1.3336 0.0012240
5.25238 1.3337 0.0012250
5.25514 1.3335 0.0012214
5.2579 1.3334 0.0012178
5.26039 1.3334 0.0012190
5.26316 1.3332 0.0012136
5.26565 1.3333 0.0012147
5.26843 1.3331 0.0012109
5.2712 1.3330 0.0012074
5.27371 1.3330 0.0012083
5.27649 1.3329 0.0012045
5.27927 1.3327 0.0012007
5.28178 1.3328 0.0012016
5.28457 1.3326 0.0011978
5.28737 1.3325 0.0011945
5.28989 1.3325 0.0011954
5.29269 1.3324 0.0011916
5.29549 1.3322 0.0011878
5.29801 1.3323 0.0011888
5.30082 1.3321 0.0011830
5.30335 1.3321 0.0011840
5.30617 1.3320 0.0011802
5.30898 1.3318 0.0011764
5.31152 1.3318 0.0011773
5.31434 1.3317 0.0011733
5.31717 1.3316 0.0011697
5.31971 1.3316 0.0011702
5.32255 1.3314 0.0011663
5.32538 1.3313 0.0011621
5.32793 1.3313 0.0011630
5.33077 1.3312 0.0011587
5.33362 1.3310 0.0011544
5.33618 1.3310 0.0011556
5.33903 1.3309 0.0011501
5.3416 1.3309 0.0011506
5.34445 1.3307 0.0011468
5.34731 1.3306 0.0011427
5.34988 1.3306 0.0011432
5.35275 1.3305 0.0011392
5.35561 1.3303 0.0011351
5.3582 1.3303 0.0011356
5.36107 1.3302 0.0011313
5.36394 1.3301 0.0011268
5.36653 1.3301 0.0011277
5.36942 1.3299 0.0011232
5.3723 1.3298 0.0011191
5.3749 1.3298 0.0011196
5.37779 1.3296 0.0011153
5.38068 1.3295 0.0011110
5.38329 1.3295 0.0011115
5.38619 1.3293 0.0011055
5.3888 1.3293 0.0011060
5.39171 1.3292 0.0011015
5.39462 1.3290 0.0010974
5.39724 1.3290 0.0010972
5.40015 1.3289 0.0010929
5.40307 1.3287 0.0010884
5.4057 1.3287 0.0010886
5.40862 1.3286 0.0010841
5.41155 1.3285 0.0010796
5.41419 1.3284 0.0010800
5.41712 1.3283 0.0010757
5.42005 1.3282 0.0010712
5.4227 1.3282 0.0010715
5.42564 1.3280 0.0010650
5.42829 1.3280 0.0010657
5.43124 1.3278 0.0010605
5.43419 1.3277 0.0010560
5.43685 1.3277 0.0010560
5.43981 1.3275 0.0010509
5.44277 1.3274 0.0010467
5.44544 1.3274 0.0010469
5.4484 1.3272 0.0010421
5.45137 1.3271 0.0010376
5.45405 1.3271 0.0010376
5.45703 1.3269 0.0010335
5.46001 1.3268 0.0010290
5.46269 1.3268 0.0010297
5.46568 1.3267 0.0010266
5.46866 1.3267 0.0010276
5.47136 1.3265 0.00024557
5.47435 1.3261 0.0010056
5.47705 1.3263 0.0010138
5.48005 1.3259 0.00022674
5.48306 1.3256 0.00098896
5.48576 1.3257 0.00099421
5.48878 1.3257 0.00099277
5.49179 1.3257 0.00099444
5.49451 1.3255 0.00020933
5.49753 1.3252 0.00097537
5.50055 1.3253 0.00098181
5.50327 1.3252 0.00019979
5.5063 1.3246 0.00017834
5.50934 1.3245 0.00095320
5.51207 1.3244 0.00016880
5.51511 1.3240 0.00093603
5.51785 1.3241 0.00094175
5.5209 1.3241 0.00094080
5.52395 1.3242 0.00094318
5.52669 1.3240 0.00015497
5.52975 1.3234 0.00013089
5.53281 1.3231 0.00090313
5.53557 1.3232 0.00090742
5.53863 1.3231 0.00090408
5.5417 1.3229 0.00089931
5.54447 1.3229 0.00089836
5.54754 1.3227 0.00089264
5.55062 1.3225 0.00088644
5.5534 1.3225 0.00088453
5.55648 1.3223 0.00087690
5.55926 1.3222 0.00087500
5.56235 1.3220 0.00086832
5.56545 1.3218 0.00086069
5.56824 1.3218 0.00085902
5.57134 1.3216 0.00085211
5.57445 1.3214 0.00084496
5.57724 1.3213 0.00084162
5.58036 1.3211 0.00083423
5.58347 1.3209 0.00082684
5.58628 1.3208 0.00082326
5.5894 1.3206 0.00081587
5.59253 1.3203 0.00080729
5.59534 1.3202 0.00080347
5.59848 1.3200 0.00079489
5.60161 1.3198 0.00078607
5.60444 1.3197 0.00078201
5.60758 1.3194 0.00077152
5.61041 1.3192 0.00076628
5.61356 1.3190 0.00075626
5.61672 1.3187 0.00074625
5.61956 1.3185 0.00073957
5.62272 1.3182 0.00072861
5.62588 1.3179 0.00071526
5.62873 1.3177 0.00070572
5.6319 1.3172 0.00068569
5.63507 1.3169 0.0014763
5.63793 1.3170 0.0014830
5.64111 1.3168 0.0014772
5.6443 1.3166 0.0014691
5.64717 1.3166 0.0014682
5.65036 1.3162 0.0014551
5.65323 1.3161 0.0014520
5.65643 1.3158 0.0014398
5.65963 1.3155 0.0014265
5.66251 1.3153 0.0014205
5.66572 1.3149 0.0014029
5.66893 1.3142 0.0013785
5.67183 1.3141 0.0021849
5.67505 1.3140 0.0021811
5.67827 1.3137 0.0021706
5.68117 1.3136 0.0021672
5.6844 1.3131 0.0021458
5.68764 1.3127 0.0029459
5.69055 1.3129 0.0029571
5.69379 1.3126 0.0029483
5.69703 1.3123 0.0029352
5.69995 1.3123 0.0029359
5.70321 1.3116 0.0029113
5.70613 1.3114 0.0029020
5.70939 1.3110 0.0037060
5.71265 1.3107 0.0036974
5.71559 1.3107 0.0037007
5.71886 1.3101 0.0036759
5.72213 1.3096 0.0044818
5.72508 1.3099 0.0044961
5.72836 1.3094 0.0044796
5.73164 1.3087 0.0044518
5.7346 1.3088 0.0052853
5.73789 1.3085 0.0052748
5.74119 1.3078 0.0052485
5.74416 1.3080 0.0060904
5.74746 1.3074 0.0060678
5.75043 1.3074 0.0060749
5.75374 1.3069 0.0068893
5.75705 1.3065 0.0068750
5.76004 1.3066 0.0068827
5.76336 1.3058 0.0076923
5.76668 1.3055 0.0085196
5.76967 1.3062 0.0085559
5.77301 1.3057 0.0085387
5.77634 1.3048 0.0085080
5.77934 1.3052 0.0093703
5.78269 1.3045 0.0093498
5.78603 1.3038 0.010170
5.78905 1.3044 0.010200
5.7924 1.3038 0.011026
5.79576 1.3031 0.011003
5.79878 1.3037 0.011887
5.80215 1.3025 0.011842
5.80518 1.3032 0.012732
5.80855 1.3025 0.012707
5.81193 1.3014 0.013526
5.81497 1.3023 0.014427
5.81835 1.3017 0.015270
5.82174 1.3013 0.016120
5.82479 1.3026 0.016183
5.82819 1.3020 0.017032
5.83158 1.3014 0.017020
5.83465 1.3025 0.017070
5.83805 1.3014 0.017904
5.84146 1.3005 0.018746
5.84454 1.3022 0.019691
5.84795 1.3006 0.019641
5.85103 1.3021 0.020581
5.85446 1.3011 0.020556
5.85789 1.3002 0.022281
5.86098 1.3021 0.022366
5.86441 1.3012 0.023221
5.86786 1.3003 0.024082
5.87096 1.3025 0.025056
5.87441 1.3017 0.025043
5.87786 1.3004 0.025896
5.88097 1.3030 0.027767
5.88443 1.3027 0.027775
5.88789 1.3016 0.027757
5.89102 1.3037 0.028732
5.89449 1.3018 0.030465
5.89762 1.3049 0.030582
5.9011 1.3042 0.031473
5.90458 1.3034 0.031466
5.90772 1.3061 0.032461
5.91121 1.3054 0.033356
5.91471 1.3048 0.034258
5.91786 1.3081 0.034372
5.92136 1.3074 0.035273
5.92487 1.3066 0.035272
5.92803 1.3098 0.036280
5.93155 1.3092 0.037191
5.93507 1.3090 0.038114
5.93824 1.3128 0.037326
5.94177 1.3120 0.038235
5.9453 1.3114 0.038244
5.94849 1.3151 0.038352
5.95203 1.3127 0.039227
5.95522 1.3169 0.039343
5.95877 1.3163 0.039357
5.96232 1.3157 0.039368
5.96552 1.3196 0.039473
5.96908 1.3191 0.039486
5.97265 1.3186 0.039502
5.97586 1.3224 0.038693
5.97943 1.3214 0.038699
5.98301 1.3206 0.038707
5.98623 1.3244 0.038802
5.98982 1.3239 0.038818
5.99341 1.3233 0.037924
5.99664 1.3271 0.038015
6.00024 1.3246 0.037089
6.00348 1.3282 0.037174
6.00709 1.3273 0.036279
6.0107 1.3264 0.036284
6.01395 1.3300 0.036370
6.01757 1.3295 0.035480
6.02119 1.3287 0.034584
6.02446 1.3315 0.033753
6.02809 1.3304 0.033754
6.03173 1.3298 0.033763
6.035 1.3330 0.032938
6.03865 1.3319 0.032039
6.0423 1.3309 0.032040
6.04558 1.3341 0.032116
6.04924 1.3322 0.031202
6.05254 1.3351 0.030372
6.0562 1.3342 0.029475
6.05987 1.3330 0.028574
6.06318 1.3354 0.028635
6.06686 1.3344 0.027737
6.07054 1.3334 0.027736
6.07386 1.3363 0.027805
6.07755 1.3355 0.026013
6.08125 1.3345 0.026011
6.08458 1.3368 0.025174
6.08828 1.3357 0.024273
6.09199 1.3348 0.024270
6.09533 1.3369 0.023431
6.09905 1.3358 0.022529
6.10277 1.3349 0.022523
6.10612 1.3366 0.021678
6.10986 1.3347 0.021650
6.11322 1.3367 0.021707
6.11696 1.3363 0.020817
6.1207 1.3356 0.019921
6.12407 1.3371 0.019072
6.12783 1.3360 0.018166
6.13158 1.3350 0.018156
6.13497 1.3363 0.017302
6.13874 1.3354 0.017292
6.14251 1.3346 0.016391
6.1459 1.3358 0.016428
6.14968 1.3350 0.015527
6.15347 1.3342 0.015517
6.15688 1.3353 0.014661
6.16067 1.3339 0.014633
6.16409 1.3348 0.013773
6.16789 1.3340 0.013762
6.1717 1.3332 0.012857
6.17513 1.3340 0.012883
6.17894 1.3330 0.011972
6.18276 1.3323 0.012855
6.1862 1.3335 0.012001
6.19003 1.3327 0.011091
6.19387 1.3319 0.011077
6.19732 1.3324 0.010203
6.20117 1.3314 0.010180
6.20501 1.3307 0.010165
6.20848 1.3314 0.010193
6.21234 1.3307 0.0092840
6.2162 1.3299 0.0092645
6.21968 1.3305 0.0092883
6.22355 1.3294 0.0083642
6.22704 1.3295 0.0083730
6.23092 1.3288 0.0083551
6.2348 1.3281 0.0083399
6.2383 1.3286 0.0083594
6.2422 1.3282 0.0083528
6.2461 1.3276 0.0074401
6.24961 1.3277 0.0074470
6.25352 1.3270 0.0074296
6.25743 1.3264 0.0074136
6.26096 1.3268 0.0074291
6.26488 1.3263 0.0074174
6.26881 1.3258 0.0074079
6.27235 1.3264 0.0074329
6.27628 1.3256 0.0065069
6.27983 1.3257 0.0065126
6.28378 1.3251 0.0064962
6.28773 1.3246 0.0064821
6.29129 1.3249 0.0064979
6.29525 1.3246 0.0064929
6.29921 1.3241 0.0055737
6.30279 1.3241 0.0055747
6.30676 1.3235 0.0055561
6.31074 1.3229 0.0055404
6.31433 1.3231 0.0055497
6.31832 1.3226 0.0055373
6.32231 1.3222 0.0055263
6.32591 1.3226 0.0055447
6.32992 1.3221 0.0046182
6.33392 1.3213 0.0045907
6.33754 1.3211 0.0045872
6.34156 1.3204 0.0054798
6.34518 1.3211 0.0055079
6.34921 1.3208 0.0045843
6.35324 1.3201 0.0045629
6.35687 1.3202 0.0045686
6.36092 1.3197 0.0045543
6.36497 1.3193 0.0045421
6.36862 1.3195 0.0045524
6.37267 1.3193 0.0045485
6.37674 1.3189 0.0036168
6.3804 1.3187 0.0036097
6.38447 1.3181 0.0035899
6.38855 1.3175 0.0035720
6.39223 1.3175 0.0035727
6.39632 1.3169 0.0035493
6.4 1.3168 0.0035503
6.4041 1.3162 0.0035291
6.4082 1.3160 0.0044491
6.4119 1.3163 0.0035360
6.41601 1.3161 0.0044570
6.42013 1.3162 0.0035379
6.42385 1.3160 0.0026059
6.42797 1.3150 0.0025702
6.43211 1.3147 0.0034876
6.43583 1.3149 0.0025680
6.43998 1.3143 0.0025444
6.44413 1.3138 0.0025277
6.44787 1.3138 0.0025277
6.45203 1.3135 0.0025177
6.45578 1.3133 0.0015812
6.45995 1.3125 0.0015500
6.46412 1.3119 0.0015268
6.46789 1.3116 0.0015144
6.47207 1.3111 0.0014939
6.47626 1.3106 0.0014744
6.48004 1.3103 0.0014637
6.48424 1.3099 0.0014453
6.48845 1.3094 0.0014272
6.49224 1.3092 0.0014191
6.49646 1.3089 0.0014043
6.50068 1.3087 0.0013971
6.50449 1.3083 0.00044346
6.50872 1.3075 0.00040817
6.51296 1.3069 0.00037909
6.51678 1.3064 0.00035739
6.52103 1.3058 0.00033116
6.52486 1.3053 0.00030994
6.52912 1.3047 0.00028515
6.53339 1.3042 0.00026107
6.53723 1.3039 0.00024700
6.54151 1.3030 0.0000
6.54579 1.3023 0.00017333
6.54965 1.3016 0.0000
6.55394 1.3007 0.00010061
6.55824 1.3004 8.5354e-05
6.56211 1.2995 0.0000
6.56642 1.2985 0.0000
6.57073 1.2979 0.0000
6.57462 1.2972 0.0000
6.57895 1.2964 0.0000
6.58285 1.2956 0.0000
6.58718 1.2944 0.0000
6.59152 1.2935 0.00071096
6.59544 1.2930 0.00068521
6.59979 1.2920 0.00063848
6.60415 1.2908 0.00057554
6.60808 1.2899 0.0015011
6.61244 1.2891 0.0014567
6.61682 1.2877 0.0013862
6.62076 1.2866 0.0023050
6.62515 1.2857 0.0032334
6.62954 1.2845 0.0031748
6.6335 1.2837 0.0041151
6.6379 1.2828 0.0050526
6.64231 1.2818 0.0050025
6.64628 1.2809 0.0049591
6.6507 1.2788 0.0058393
6.65469 1.2780 0.0067925
6.65912 1.2764 0.0077043
6.66356 1.2744 0.0086007
6.66756 1.2741 0.010584
6.672 1.2727 0.011523
6.67646 1.2707 0.012431
6.68047 1.2705 0.014451
6.68494 1.2686 0.015378
6.68941 1.2661 0.017292
6.69344 1.2665 0.020390
6.69792 1.2651 0.022386
6.70241 1.2629 0.024361
6.70646 1.2642 0.027545
6.71096 1.2616 0.030567
6.71501 1.2639 0.032784
6.71953 1.2624 0.035895
6.72405 1.2608 0.039023
6.72812 1.2643 0.042366
6.73265 1.2638 0.046645
6.73718 1.2631 0.048797
6.74127 1.2686 0.053305
6.74582 1.2690 0.055513
6.75037 1.2691 0.058807
6.75447 1.2766 0.061193
6.75904 1.2778 0.063436
6.76361 1.2791 0.064597
6.76773 1.2877 0.064785
6.77231 1.2862 0.064809
6.77645 1.2943 0.062807
6.78104 1.2940 0.060694
6.78564 1.2932 0.058575
6.78979 1.2984 0.056554
6.7944 1.2959 0.054417
6.79902 1.2928 0.053330
6.80318 1.2959 0.053425
6.80782 1.2927 0.054476
6.81245 1.2900 0.056615
6.81663 1.2949 0.058894
6.82128 1.2937 0.061083
6.82594 1.2930 0.063289
6.83013 1.3002 0.064505
6.8348 1.3000 0.064551
6.83948 1.2995 0.064593
6.84369 1.3066 0.064701
6.84838 1.3030 0.063631
6.8526 1.3096 0.063729
6.8573 1.3083 0.061603
6.86201 1.3065 0.061632
6.86625 1.3120 0.060640
6.87096 1.3096 0.059585
6.87569 1.3073 0.060687
6.87994 1.3125 0.060772
6.88468 1.3107 0.061885
6.88942 1.3093 0.063005
6.8937 1.3159 0.064172
6.89845 1.3155 0.064217
6.90322 1.3150 0.064262
6.90751 1.3224 0.064328
6.91228 1.3193 0.062199
6.91659 1.3257 0.061179
6.92137 1.3247 0.059066
6.92617 1.3234 0.056951
6.93049 1.3280 0.054867
6.93529 1.3254 0.052752
6.94011 1.3227 0.051700
6.94444 1.3259 0.050692
6.94927 1.3229 0.050704
6.9541 1.3202 0.050714
6.95846 1.3239 0.051854
6.9633 1.3220 0.051876
6.96816 1.3198 0.051893
6.97253 1.3241 0.053040
6.97739 1.3198 0.053044
6.98178 1.3242 0.054192
6.98666 1.3228 0.055303
6.99154 1.3217 0.056420
6.99594 1.3271 0.056485
7.00084 1.3261 0.057607
7.00574 1.3254 0.057646
7.01016 1.3312 0.057700
7.01508 1.3304 0.057741
7.02001 1.3298 0.057782
7.02445 1.3356 0.056743
7.02938 1.3346 0.056783
7.03433 1.3336 0.055740
7.03878 1.3390 0.055781
7.04374 1.3386 0.055821
7.04871 1.3379 0.053699
7.05318 1.3432 0.053735
7.05816 1.3403 0.052697
7.06265 1.3456 0.051655
7.06764 1.3450 0.050618
7.07264 1.3441 0.048507
7.07714 1.3484 0.047473
7.08215 1.3474 0.046437
7.08717 1.3467 0.045401
7.0917 1.3509 0.043307
7.09673 1.3497 0.042272
7.10177 1.3487 0.040173
7.10631 1.3521 0.039152
7.11136 1.3508 0.037058
7.11642 1.3494 0.036019
7.12099 1.3526 0.035005
7.12606 1.3514 0.032914
7.13114 1.3503 0.031876
7.13572 1.3527 0.029813
7.14082 1.3499 0.028759
7.14541 1.3521 0.027750
7.15052 1.3507 0.025661
7.15564 1.3492 0.024613
7.16025 1.3507 0.023602
7.16538 1.3494 0.022557
7.17051 1.3483 0.021511
7.17515 1.3498 0.020502
7.1803 1.3482 0.018406
7.18546 1.3468 0.018396
7.19011 1.3481 0.017386
7.19528 1.3466 0.015288
7.20046 1.3451 0.015270
7.20513 1.3458 0.014253
7.21033 1.3438 0.013180
7.21501 1.3443 0.013198
7.22022 1.3433 0.012145
7.22543 1.3421 0.011084
7.23014 1.3424 0.011096
7.23537 1.3415 0.010041
7.24061 1.3402 0.0089746
7.24533 1.3402 0.0089800
7.25058 1.3391 0.0079153
7.25584 1.3381 0.0078931
7.26058 1.3379 0.0068493
7.26586 1.3366 0.0068190
7.27114 1.3357 0.0067978
7.2759 1.3359 0.0068078
7.2812 1.3348 0.0057330
7.28597 1.3345 0.0057290
7.29129 1.3338 0.0057130
7.29661 1.3330 0.0046430
7.3014 1.3325 0.0046310
7.30674 1.3316 0.0046067
7.31208 1.3309 0.0045872
7.31689 1.3308 0.0045877
7.32225 1.3304 0.0045776
7.32762 1.3297 0.0035057
7.33245 1.3293 0.0034924
7.33783 1.3285 0.0034697
7.34322 1.3278 0.0034509
7.34808 1.3277 0.0034499
7.35348 1.3274 0.0034409
7.35889 1.3268 0.0023642
7.36377 1.3262 0.0023465
7.3692 1.3254 0.0023189
7.37409 1.3251 0.0023091
7.37953 1.3245 0.0022898
7.38498 1.3239 0.0022724
7.38989 1.3237 0.0022666
7.39536 1.3232 0.0022511
7.40083 1.3229 0.0022392
7.40576 1.3229 0.0022430
7.41125 1.3224 0.0011573
7.41675 1.3216 0.0011277
7.4217 1.3211 0.0011113
7.42721 1.3205 0.0010912
7.43273 1.3200 0.0010717
7.43771 1.3196 0.0010593
7.44325 1.3191 0.0010393
7.44823 1.3188 0.0010283
7.45379 1.3183 0.0010109
7.45935 1.3178 0.00099397
7.46436 1.3175 0.00098348
7.46993 1.3171 0.00096726
7.47552 1.3166 0.00095177
7.48055 1.3164 0.00094151
7.48615 1.3159 0.00092602
7.49176 1.3155 0.00091076
7.49681 1.3153 0.00090075
7.50244 1.3149 0.00088620
7.50807 1.3145 0.00087142
7.51315 1.3142 0.00086188
7.5188 1.3138 0.00084591
7.52389 1.3135 0.00083733
7.52955 1.3131 0.00082326
7.53523 1.3128 0.00080967
7.54034 1.3125 0.00080037
7.54603 1.3122 0.00078773
7.55173 1.3119 0.00077486
7.55687 1.3117 0.00076842
7.56258 1.3115 0.00076294
7.5683 1.3108 0.0000
7.57346 1.3103 0.00071478
7.5792 1.3103 0.00071573
7.58495 1.3097 0.0000
7.59013 1.3091 0.00066805
7.5959 1.3089 0.00066328
7.60167 1.3087 0.00065231
7.60688 1.3085 0.00064516
7.61267 1.3081 0.00063157
7.61789 1.3079 0.00062370
7.62369 1.3076 0.00061178
7.62951 1.3073 0.00059938
7.63475 1.3071 0.00059223
7.64059 1.3068 0.00058174
7.64643 1.3067 0.00057769
7.65169 1.3061 0.0000
7.65755 1.3054 0.00052452
7.66342 1.3052 0.00051928
7.66871 1.3050 0.00051212
7.6746 1.3047 0.00050020
7.68049 1.3044 0.00048852
7.6858 1.3042 0.00047970
7.69172 1.3039 0.00046635
7.69704 1.3036 0.00045729
7.70297 1.3033 0.00044441
7.70891 1.3030 0.00043201
7.71426 1.3028 0.00042248
7.72022 1.3024 0.00040960
7.72618 1.3021 0.00039673
7.73156 1.3019 0.00038743
7.73754 1.3016 0.00037479
7.74353 1.3012 0.00036192
7.74893 1.3010 0.00035191
7.75494 1.3007 0.00033951
7.76096 1.3004 0.00032663
7.76639 1.3001 0.00031710
7.77242 1.2998 0.00030375
7.77847 1.2995 0.00029135
7.78392 1.2993 0.00028133
7.78998 1.2989 0.00026870
7.79545 1.2987 0.00025845
7.80153 1.2984 0.00024629
7.80762 1.2981 0.00023413
7.81311 1.2979 0.00022459
7.81922 1.2976 0.00021291
7.82534 1.2973 0.00020218
7.83085 1.2971 0.00019503
7.83699 1.2970 0.00019264
7.84314 1.2965 0.0000
7.84868 1.2960 0.00014830
7.85484 1.2956 0.0000
7.86102 1.2950 0.00010443
7.86658 1.2950 0.00010633
7.87278 1.2951 0.00011063
7.87836 1.2947 0.0000
7.88457 1.2938 0.0000
7.89079 1.2935 3.8862e-05
7.8964 1.2931 0.0000
7.90264 1.2925 0.0000
7.90889 1.2925 0.0000
7.91452 1.2925 0.0000
7.92079 1.2918 0.0000
7.92707 1.2912 0.0000
7.93273 1.2911 0.0000
7.93903 1.2908 0.0000
7.94534 1.2906 0.0000
7.95102 1.2903 0.0000
7.95735 1.2900 0.0000
7.96305 1.2897 0.0000
7.9694 1.2894 0.0000
7.97575 1.2890 0.0000
7.98148 1.2887 0.0000
7.98786 1.2884 0.0000
7.99424 1.2881 0.0000
8 1.2878 0.0000
8.00641 1.2874 0.0000
8.01282 1.2871 0.0000
8.0186 1.2868 0.0000
8.02504 1.2864 0.0000
8.03148 1.2861 0.0000
8.03729 1.2858 0.0000
8.04376 1.2854 0.0000
8.05023 1.2851 0.0000
8.05607 1.2848 0.0000
8.06257 1.2844 0.0000
8.06842 1.2841 0.0000
8.07494 1.2838 0.0000
8.08146 1.2834 0.0000
8.08734 1.2831 0.0000
8.09389 1.2830 0.0000
8.10045 1.2823 0.0000
8.10636 1.2815 0.0000
8.11293 1.2813 0.0000
8.11952 1.2810 0.0000
8.12546 1.2806 0.0000
8.13206 1.2803 0.0000
8.13868 1.2799 0.0000
8.14465 1.2795 0.0000
8.15129 1.2792 0.0000
8.15727 1.2788 0.0000
8.16393 1.2784 0.0000
8.1706 1.2780 0.0000
8.17661 1.2776 0.0000
8.18331 1.2772 0.0000
8.19001 1.2769 0.0000
8.19605 1.2764 0.0000
8.20277 1.2760 0.0000
8.20951 1.2756 0.0000
8.21558 1.2752 0.0000
8.22233 1.2748 0.0000
8.2291 1.2744 0.0000
8.2352 1.2739 0.0000
8.24198 1.2735 0.0000
8.24878 1.2731 0.0000
8.25491 1.2726 0.0000
8.26173 1.2722 0.0000
8.26788 1.2717 0.0000
8.27472 1.2713 0.0000
8.28157 1.2708 0.0000
8.28775 1.2703 0.0000
8.29463 1.2699 0.0000
8.30151 1.2694 0.0000
8.30772 1.2689 0.0000
8.31463 1.2684 0.0000
8.32154 1.2679 0.0000
8.32778 1.2674 0.0000
8.33472 1.2669 0.0000
8.34168 1.2664 0.0000
8.34794 1.2658 0.0000
8.35492 1.2654 0.0000
8.3612 1.2648 0.0000
8.3682 1.2643 0.0000
8.37521 1.2638 0.0000
8.38153 1.2631 0.0000
8.38856 1.2626 0.0000
8.3956 1.2620 0.0000
8.40195 1.2614 0.0000
8.40901 1.2608 0.0000
8.41609 1.2602 0.0000
8.42247 1.2595 0.0000
8.42957 1.2589 0.0000
8.43668 1.2583 0.0000
8.44309 1.2576 0.0000
8.45023 1.2569 0.0000
8.45737 1.2563 0.0000
8.46382 1.2554 0.0000
8.47099 1.2548 0.0000
8.47745 1.2540 0.0000
8.48464 1.2532 0.0000
8.49185 1.2524 0.0000
8.49834 1.2514 0.0000
8.50557 1.2505 0.0000
8.51281 1.2495 0.0000
8.51934 1.2481 0.0000
8.5266 1.2471 0.0000
8.53388 1.2464 0.0000
8.54044 1.2452 0.0000
8.54774 1.2443 0.00013781
8.55505 1.2434 8.7976e-05
8.56164 1.2428 0.0013702
8.56898 1.2422 0.0013423
8.57559 1.2415 0.0013006
8.58295 1.2407 0.0025821
8.59033 1.2402 0.0025573
8.59697 1.2396 0.0025275
8.60437 1.2389 0.0038223
8.61178 1.2385 0.0038090
8.61846 1.2385 0.0038128
8.62589 1.2378 0.0037842
8.63334 1.2374 0.0037651
8.64006 1.2369 0.0024080
8.64753 1.2355 0.0023289
8.65501 1.2345 0.0022736
8.66176 1.2333 0.00086880
8.66927 1.2313 0.00074387
8.67604 1.2297 0.00064373
8.68357 1.2277 0.00051880
8.69112 1.2254 0.00037670
8.69792 1.2230 0.00022030
8.70549 1.2202 0.0013967
8.71308 1.2176 0.0025911
8.71992 1.2157 0.0038419
8.72753 1.2131 0.0050561
8.73515 1.2100 0.0062361
8.74202 1.2080 0.0088961
8.74967 1.2054 0.011531
8.75733 1.2023 0.014160
8.76424 1.2020 0.018394
8.77193 1.2000 0.021137
8.77963 1.1975 0.025303
8.78657 1.1993 0.029740
8.7943 1.1961 0.032494
8.80127 1.1991 0.038482
8.80902 1.1988 0.041427
8.81679 1.1980 0.045828
8.82379 1.2030 0.049013
8.83158 1.2032 0.053486
8.83939 1.2035 0.056510
8.84643 1.2107 0.059745
8.85426 1.2113 0.061306
8.86211 1.2118 0.064350
8.86918 1.2202 0.066088
8.87705 1.2215 0.067665
8.88494 1.2225 0.067756
8.89205 1.2307 0.067970
8.89996 1.2285 0.069482
8.9071 1.2381 0.069689
8.91504 1.2395 0.068309
8.92299 1.2405 0.066925
8.93017 1.2490 0.065641
8.93815 1.2498 0.062803
8.94614 1.2502 0.059967
8.95335 1.2568 0.057237
8.96138 1.2566 0.054408
8.96941 1.2568 0.051589
8.97666 1.2622 0.047454
8.98473 1.2609 0.043196
8.99281 1.2599 0.040371
9.00009 1.2634 0.036252
9.0082 1.2616 0.032000
9.01632 1.2595 0.027737
9.02364 1.2606 0.024992
9.03179 1.2572 0.020676
9.03914 1.2568 0.017879
9.04732 1.2539 0.014972
9.05551 1.2512 0.012061
9.0629 1.2494 0.0091882
9.07112 1.2460 0.0076203
9.07935 1.2431 0.0060723
9.08678 1.2411 0.0045676
9.09504 1.2382 0.0030022
9.10332 1.2354 0.0014300
9.11079 1.2325 0.0000
9.1191 1.2293 0.0000
9.12742 1.2268 0.0000
9.13492 1.2242 0.0000
9.14328 1.2213 0.0000
9.15081 1.2186 0.0000
9.15919 1.2162 0.0000
9.16758 1.2141 0.0000
9.17515 1.2114 0.0000
9.18358 1.2085 0.0000
9.19202 1.2058 0.0000
9.19963 1.2029 0.0000
9.2081 1.2003 0.0000
9.21659 1.1980 0.0000
9.22424 1.1945 0.0000
9.23276 1.1913 0.0000
9.24129 1.1888 0.0000
9.24898 1.1856 0.0000
9.25754 1.1830 0.0000
9.26526 1.1796 0.0000
9.27386 1.1766 0.0000
9.28247 1.1735 0.0000
9.29023 1.1698 0.0000
9.29887 1.1664 0.0000
9.30752 1.1629 0.0000
9.31532 1.1585 0.0000
9.32401 1.1550 0.0000
9.33271 1.1512 0.0000
9.34056 1.1465 0.0000
9.34929 1.1426 0.0000
9.35804 1.1383 0.0000
9.36593 1.1332 0.0000
9.37471 1.1278 0.0000
9.3835 1.1226 0.0000
9.39144 1.1169 0.0000
9.40026 1.1111 0.0000
9.40822 1.1044 0.0000
9.41708 1.0975 0.0000
9.42596 1.0898 0.0000
9.43396 1.0821 0.0000
9.44287 1.0731 0.0000
9.4518 1.0631 0.0000
9.45984 1.0531 0.0000
9.4688 1.0413 0.0000
9.47777 1.0275 0.00049162
9.48587 1.0147 0.0063002
9.49487 0.99970 0.012012
9.5039 0.98206 0.019517
9.51203 0.96927 0.031668
9.52109 0.94979 0.043644
9.52925 0.93875 0.058932
9.53834 0.92087 0.078412
9.54745 0.90131 0.10096
9.55566 0.89898 0.12725
9.5648 0.88543 0.15646
9.57396 0.87169 0.18930
9.58222 0.88730 0.22144
9.59141 0.88229 0.25303
9.60061 0.87732 0.28792
9.60892 0.91036 0.31524
9.61816 0.91150 0.34726
9.62742 0.91472 0.37940
9.63577 0.96406 0.39903
9.64506 0.96924 0.42291
9.65437 0.97717 0.44887
9.66277 1.0359 0.45662
9.67212 1.0237 0.48239
9.68054 1.0876 0.48287
9.68992 1.0939 0.49855
9.69932 1.1045 0.50835
9.7078 1.1682 0.50328
9.71723 1.1730 0.51192
9.72668 1.1825 0.51469
9.7352 1.2448 0.50297
9.74469 1.2467 0.50534
9.75419 1.2541 0.50403
9.76276 1.3131 0.48691
9.77231 1.3116 0.48352
9.78186 1.3156 0.47880
9.79048 1.3692 0.45956
9.80008 1.3472 0.45917
9.80873 1.3984 0.44111
9.81836 1.3935 0.43461
9.82801 1.3936 0.42900
9.83671 1.4399 0.41281
9.8464 1.4362 0.40624
9.8561 1.4378 0.39849
9.86485 1.4814 0.37974
9.87459 1.4789 0.37125
9.88435 1.4813 0.35798
9.89315 1.5205 0.33744
9.90295 1.5176 0.32212
9.91277 1.5185 0.30452
9.92162 1.5499 0.27994
9.93147 1.5340 0.26264
9.94036 1.5586 0.23718
9.95025 1.5499 0.21609
9.96016 1.5437 0.19496
9.9691 1.5556 0.17023
9.97904 1.5423 0.15080
9.98901 1.5314 0.13275
9.998 1.5338 0.11352
10.008 1.5173 0.097793
10.0177 1.5081 0.084321
10.0274 1.4972 0.070983
10.037 1.4858 0.061915
10.0468 1.4739 0.052802
10.0565 1.4632 0.046361
10.0663 1.4518 0.039881
10.0761 1.4416 0.036088
10.0859 1.4314 0.032238
10.0957 1.4224 0.029719
10.1056 1.4132 0.027137
10.1154 1.4050 0.025938
10.1252 1.3975 0.024684
10.1352 1.3899 0.023417
10.1451 1.3833 0.023566
10.1551 1.3767 0.022231
10.165 1.3706 0.022350
10.175 1.3646 0.022446
10.185 1.3595 0.022550
10.195 1.3543 0.022646
10.205 1.3496 0.022726
10.2151 1.3448 0.022812
10.2252 1.3404 0.022882
10.2352 1.3361 0.022964
10.2454 1.3313 0.023035
10.2555 1.3275 0.024621
10.2657 1.3237 0.024704
10.2758 1.3202 0.024769
10.2861 1.3159 0.024837
10.2962 1.3124 0.026460
10.3065 1.3087 0.026521
10.3167 1.3055 0.028162
10.327 1.3025 0.028234
10.3373 1.2991 0.029888
10.3476 1.2965 0.029983
10.358 1.2934 0.031640
10.3683 1.2909 0.031740
10.3787 1.2880 0.033413
10.3891 1.2859 0.033525
10.3996 1.2825 0.033611
10.4099 1.2796 0.035302
10.4204 1.2775 0.037035
10.4309 1.2748 0.037127
10.4414 1.2728 0.038874
10.4519 1.2700 0.038983
10.4624 1.2678 0.040726
10.4731 1.2656 0.042499
10.4836 1.2639 0.042634
10.4943 1.2615 0.044401
10.5049 1.2598 0.044540
10.5156 1.2573 0.046320
10.5262 1.2552 0.046458
10.5369 1.2530 0.048274
10.5476 1.2506 0.050084
10.5583 1.2497 0.051942
10.5691 1.2476 0.052075
10.5799 1.2462 0.053941
10.5908 1.2438 0.054092
10.6015 1.2421 0.055952
10.6124 1.2399 0.057836
10.6233 1.2389 0.059726
10.6341 1.2375 0.059902
10.6451 1.2351 0.061810
10.656 1.2341 0.063725
10.667 1.2326 0.065665
10.6779 1.2317 0.065841
10.689 1.2295 0.067790
10.7 1.2290 0.069761
10.7111 1.2270 0.069939
10.7221 1.2258 0.071921
10.7333 1.2239 0.073894
10.7444 1.2234 0.075898
10.7555 1.2225 0.076112
10.7667 1.2202 0.078111
10.7778 1.2197 0.080139
10.7891 1.2184 0.082162
10.8003 1.2180 0.082387
10.8116 1.2158 0.084445
10.8229 1.2151 0.086489
10.8341 1.2149 0.088559
10.8455 1.2132 0.088786
10.8568 1.2126 0.090873
10.8683 1.2109 0.092979
10.8796 1.2113 0.095057
10.8911 1.2096 0.095319
10.9025 1.2091 0.097438
10.9141 1.2075 0.099562
10.9255 1.2076 0.10169
10.937 1.2072 0.10193
10.9486 1.2051 0.10411
10.9601 1.2052 0.10626
10.9718 1.2038 0.10843
10.9833 1.2046 0.11059
10.9951 1.2032 0.11087
11.0067 1.2032 0.11305
11.0184 1.2021 0.11527
11.0301 1.2024 0.11552
11.0419 1.2004 0.11777
11.0536 1.2003 0.11997
11.0654 1.2004 0.12219
11.0773 1.1996 0.12445
11.0891 1.2003 0.12469
11.101 1.1986 0.12699
11.1128 1.1997 0.12919
11.1248 1.1982 0.12954
11.1367 1.1984 0.13179
11.1488 1.1970 0.13410
11.1607 1.1983 0.13634
11.1728 1.1970 0.13667
11.1848 1.1968 0.13898
11.1968 1.1970 0.14127
11.209 1.1960 0.14361
11.2211 1.1977 0.14585
11.2333 1.1967 0.14620
11.2454 1.1978 0.14848
11.2577 1.1964 0.14887
11.2699 1.1970 0.15117
11.2822 1.1957 0.15359
11.2945 1.1968 0.15587
11.3067 1.1974 0.15617
11.3191 1.1959 0.15863
11.3314 1.1976 0.16090
11.3439 1.1962 0.16131
11.3563 1.1971 0.16366
11.3688 1.1958 0.16612
11.3812 1.1976 0.16842
11.3938 1.1972 0.17085
11.4063 1.1984 0.17112
11.4188 1.1994 0.17349
11.4314 1.1982 0.17390
11.444 1.1994 0.17626
11.4567 1.1987 0.17874
11.4693 1.2005 0.17898
11.4821 1.1989 0.18155
11.4948 1.2012 0.18383
11.5076 1.2002 0.18428
11.5203 1.2011 0.18667
11.5331 1.2016 0.18700
11.546 1.2006 0.19170
11.5588 1.2032 0.19184
11.5718 1.2021 0.19445
11.5847 1.2050 0.19670
11.5977 1.2046 0.19712
11.6106 1.2062 0.19737
11.6237 1.2046 0.20003
11.6367 1.2072 0.20233
11.6499 1.2062 0.20280
11.6629 1.2072 0.20525
11.676 1.2092 0.20762
11.6892 1.2085 0.20808
11.7023 1.2110 0.21040
11.7156 1.2100 0.21089
11.7288 1.2124 0.21323
11.7422 1.2112 0.21375
11.7554 1.2133 0.21611
11.7689 1.2129 0.21875
11.7822 1.2148 0.21895
11.7955 1.2165 0.22137
11.809 1.2157 0.22189
11.8224 1.2184 0.22419
11.836 1.2174 0.22472
11.8495 1.2201 0.22703
11.8631 1.2190 0.22759
11.8766 1.2214 0.22995
11.8903 1.2212 0.23260
11.9039 1.2234 0.23278
11.9175 1.2256 0.23518
11.9313 1.2253 0.23564
11.945 1.2278 0.23578
11.9589 1.2268 0.23855
11.9726 1.2297 0.23864
11.9865 1.2289 0.24142
12.0003 1.2320 0.24146
12.0143 1.2314 0.24423
12.0282 1.2339 0.24434
12.0421 1.2354 0.24461
12.0562 1.2344 0.24743
12.0702 1.2376 0.24747
12.0843 1.2369 0.25027
12.0983 1.2405 0.25024
12.1125 1.2391 0.25089
12.1267 1.2421 0.25320
12.1409 1.2413 0.25377
12.1551 1.2447 0.25603
12.1694 1.2443 0.25654
12.1837 1.2461 0.25677
12.1979 1.2481 0.25923
12.2124 1.2473 0.25980
12.2267 1.2509 0.26204
12.2413 1.2506 0.26255
12.2557 1.2537 0.26260
12.2702 1.2529 0.26548
12.2847 1.2568 0.26538
12.2994 1.2556 0.26604
12.3139 1.2581 0.26843
12.3285 1.2608 0.26852
12.3432 1.2597 0.26918
12.3579 1.2634 0.27139
12.3727 1.2632 0.27192
12.3874 1.2668 0.27186
12.4023 1.2653 0.27257
12.4171 1.2690 0.27481
12.4321 1.2688 0.27533
12.4469 1.2712 0.27546
12.4618 1.2730 0.27569
12.4769 1.2723 0.27859
12.4919 1.2766 0.27843
12.507 1.2757 0.27905
12.5221 1.2789 0.27907
12.5373 1.2781 0.28201
12.5524 1.2825 0.28181
12.5677 1.2818 0.28244
12.5829 1.2840 0.28258
12.5981 1.2869 0.28495
12.6135 1.2861 0.28328
12.6288 1.2895 0.28555
12.6443 1.2891 0.28613
12.6597 1.2928 0.28603
12.6752 1.2914 0.28678
12.6907 1.2954 0.28897
12.7063 1.2954 0.28948
12.7218 1.2984 0.28951
12.7374 1.3010 0.28958
12.7532 1.3003 0.29023
12.7688 1.3041 0.29013
12.7846 1.3031 0.29081
12.8003 1.3066 0.29074
12.8162 1.3051 0.29151
12.832 1.3091 0.29370
12.848 1.3090 0.29426
12.8639 1.3133 0.29405
12.88 1.3126 0.29470
12.8959 1.3154 0.29473
12.9119 1.3180 0.29483
12.9281 1.3173 0.29550
12.9441 1.3211 0.29535
12.9604 1.3202 0.29606
12.9766 1.3237 0.29596
12.9929 1.3236 0.29887
13.0091 1.3282 0.29627
13.0256 1.3268 0.29703
13.0419 1.3306 0.29693
13.0584 1.3295 0.29763
13.0748 1.3321 0.29773
13.0912 1.3341 0.29792
13.1079 1.3338 0.30086
13.1244 1.3392 0.30045
13.1411 1.3385 0.29877
13.1577 1.3419 0.29869
13.1745 1.3409 0.29943
13.1912 1.3448 0.29927
13.2081 1.3439 0.29998
13.2249 1.3467 0.30004
13.2417 1.3492 0.30010
13.2587 1.3485 0.30079
13.2756 1.3526 0.30059
13.2927 1.3519 0.30128
13.3097 1.3561 0.30108
13.3269 1.3555 0.30171
13.344 1.3601 0.30144
13.3613 1.3589 0.29983
13.3785 1.3618 0.30223
13.3957 1.3648 0.29988
13.4131 1.3636 0.30064
13.4304 1.3675 0.30049
13.4479 1.3668 0.30116
13.4653 1.3711 0.30093
13.4829 1.3709 0.30152
13.5004 1.3749 0.29897
13.5181 1.3735 0.29979
13.5356 1.3762 0.29983
13.5533 1.3790 0.29988
13.5711 1.3790 0.30046
13.5888 1.3830 0.29789
13.6067 1.3817 0.29869
13.6245 1.3860 0.29845
13.6426 1.3849 0.29684
13.6605 1.3881 0.29682
13.6786 1.3871 0.29754
13.6966 1.3900 0.29757
13.7146 1.3932 0.29753
13.7329 1.3924 0.29587
13.751 1.3957 0.29581
13.7694 1.3950 0.29649
13.7876 1.3996 0.29621
13.8061 1.3989 0.29450
13.8244 1.4027 0.29438
13.8429 1.4016 0.29277
13.8614 1.4048 0.29272
13.88 1.4043 0.29337
13.8985 1.4068 0.29111
13.9171 1.4087 0.29130
13.9359 1.4083 0.29194
13.9546 1.4120 0.28944
13.9735 1.4107 0.29022
13.9923 1.4137 0.28786
14.0113 1.4128 0.29094
14.0302 1.4172 0.28834
14.0493 1.4163 0.28902
14.0683 1.4199 0.28656
14.0875 1.4185 0.28737
14.1066 1.4216 0.28735
14.1257 1.4240 0.28511
14.1451 1.4230 0.28581
14.1643 1.4264 0.28338
14.1838 1.4250 0.28420
14.2031 1.4291 0.28400
14.2227 1.4282 0.28233
14.2422 1.4306 0.28243
14.2617 1.4327 0.28025
14.2814 1.4313 0.28104
14.301 1.4355 0.28083
14.3209 1.4350 0.27910
14.3406 1.4377 0.27677
14.3606 1.4360 0.27762
14.3804 1.4398 0.27749
14.4005 1.4388 0.27582
14.4204 1.4423 0.27577
14.4406 1.4411 0.27411
14.4607 1.4433 0.27429
14.4808 1.4451 0.27214
14.5012 1.4436 0.27292
14.5214 1.4476 0.27278
14.5419 1.4467 0.27108
14.5622 1.4501 0.27103
14.5828 1.4491 0.26937
14.6032 1.4525 0.26930
14.6239 1.4518 0.26759
14.6445 1.4532 0.26551
14.6651 1.4545 0.26581
14.686 1.4538 0.26647
14.7067 1.4575 0.26453
14.7278 1.4565 0.26425
14.7486 1.4596 0.26208
14.7697 1.4583 0.26224
14.7907 1.4615 0.26049
14.812 1.4604 0.26041
14.8331 1.4624 0.25861
14.8542 1.4642 0.25806
14.8756 1.4631 0.25679
14.8969 1.4656 0.25494
14.9185 1.4639 0.25517
14.9399 1.4668 0.25463
14.9615 1.4662 0.25468
14.9831 1.4696 0.25285
15.0049 1.4685 0.25159
15.0265 1.4701 0.25006
15.0482 1.4713 0.24860
15.0702 1.4700 0.24875
15.0921 1.4728 0.24703
15.1142 1.4711 0.24607
15.1361 1.4734 0.24561
15.1584 1.4725 0.24570
15.1805 1.4753 0.24378
15.2029 1.4740 0.24371
15.2251 1.4767 0.24182
15.2476 1.4756 0.24192
15.27 1.4770 0.23923
15.2924 1.4778 0.23902
15.3151 1.4765 0.23896
15.3377 1.4794 0.23842
15.3605 1.4784 0.23729
15.3832 1.4807 0.23567
15.4062 1.4794 0.23579
15.429 1.4822 0.23408
15.4521 1.4806 0.23304
15.4751 1.4820 0.23254
15.4981 1.4832 0.23106
15.5214 1.4820 0.23116
15.5446 1.4846 0.22947
15.5681 1.4829 0.22846
15.5914 1.4852 0.22802
15.615 1.4839 0.22692
15.6384 1.4858 0.22533
15.6622 1.4841 0.22550
15.6858 1.4865 0.22484
15.7097 1.4852 0.22374
15.7334 1.4865 0.22344
15.7572 1.4879 0.22214
15.7813 1.4862 0.22089
15.8053 1.4880 0.22052
15.8295 1.4868 0.22080
15.8536 1.4891 0.21914
15.8781 1.4878 0.21923
15.9023 1.4900 0.21762
15.9269 1.4887 0.21790
15.9513 1.4902 0.21654
15.9757 1.4911 0.21510
16.0005 1.4897 0.21561
16.0251 1.4921 0.21413
16.0501 1.4909 0.21400
16.0748 1.4931 0.21216
16.0999 1.4912 0.21110
16.1249 1.4927 0.21079
16.1501 1.4916 0.21104
16.1752 1.4928 0.20972
16.2004 1.4940 0.20944
16.2259 1.4926 0.20831
16.2512 1.4947 0.20811
16.2768 1.4934 0.20714
16.3023 1.4956 0.20671
16.3281 1.4943 0.20534
16.3538 1.4957 0.20380
16.3797 1.4938 0.20397
16.4055 1.4949 0.20409
16.4314 1.4965 0.20394
16.4577 1.4955 0.20252
16.4837 1.4971 0.20098
16.5101 1.4953 0.20110
16.5363 1.4972 0.20071
16.5629 1.4962 0.20072
16.5893 1.4981 0.19889
16.616 1.4966 0.19916
16.6425 1.4984 0.19777
16.6694 1.4969 0.19785
16.6962 1.4983 0.19772
16.723 1.4993 0.19601
16.7501 1.4978 0.19609
16.7771 1.5001 0.19587
16.8045 1.4986 0.19364
16.8316 1.4994 0.19339
16.8591 1.4981 0.19449
16.8865 1.5006 0.19421
16.9142 1.4998 0.19315
16.9417 1.5006 0.19165
16.9693 1.5012 0.19144
16.9973 1.5001 0.19164
17.025 1.5020 0.19022
17.0532 1.5007 0.19025
17.0812 1.5023 0.18883
17.1095 1.5007 0.18890
17.1377 1.5027 0.18873
17.1662 1.5013 0.18770
17.1945 1.5022 0.18765
17.223 1.5032 0.18736
17.2518 1.5019 0.18634
17.2804 1.5034 0.18621
17.3094 1.5022 0.18644
17.3382 1.5044 0.18621
17.3674 1.5033 0.18494
17.3964 1.5049 0.18478
17.4259 1.5041 0.18497
17.4551 1.5048 0.18257
17.4844 1.5052 0.18365
17.5141 1.5046 0.18381
17.5436 1.5065 0.18233
17.5735 1.5052 0.18254
17.6032 1.5068 0.18114
17.6333 1.5057 0.18241
17.6632 1.5079 0.18089
17.6935 1.5063 0.18008
17.7236 1.5069 0.18026
17.7538 1.5083 0.18122
17.7844 1.5079 0.18006
17.8148 1.5093 0.17863
17.8457 1.5083 0.18010
17.8763 1.5108 0.17857
17.9073 1.5094 0.17749
17.9382 1.5108 0.17738
17.9695 1.5098 0.17756
18.0005 1.5119 0.17713
18.032 1.5108 0.17624
18.0633 1.5118 0.17638
18.0946 1.5132 0.17624
18.1265 1.5123 0.17511
18.158 1.5141 0.17493
18.1901 1.5129 0.17381
18.2219 1.5142 0.17373
18.2542 1.5136 0.17516
18.2862 1.5160 0.17361
18.3187 1.5154 0.17373
18.351 1.5175 0.17219
18.3837 1.5161 0.17111
18.4162 1.5165 0.17089
18.4488 1.5177 0.17210
18.4819 1.5172 0.17112
18.5147 1.5193 0.17153
18.5481 1.5193 0.17139
18.5811 1.5214 0.16917
18.6147 1.5205 0.16935
18.648 1.5215 0.16794
18.6815 1.5229 0.16892
18.7154 1.5229 0.16765
18.7491 1.5242 0.16486
18.7832 1.5228 0.16640
18.8172 1.5253 0.16592
18.8516 1.5246 0.16451
18.8857 1.5262 0.16389
18.9204 1.5255 0.16403
18.9548 1.5277 0.16291
18.9897 1.5269 0.16218
19.0244 1.5280 0.16164
19.0592 1.5292 0.16109
19.0945 1.5288 0.16073
19.1296 1.5308 0.15921
19.1652 1.5300 0.15892
19.2005 1.5319 0.15783
19.2363 1.5312 0.15751
19.2719 1.5331 0.15643
19.308 1.5326 0.15608
19.3439 1.5338 0.15463
19.3798 1.5349 0.15409
19.4163 1.5344 0.15330
19.4526 1.5362 0.15223
19.4894 1.5356 0.15145
19.5259 1.5374 0.15036
19.563 1.5367 0.14957
19.5998 1.5385 0.14851
19.6371 1.5378 0.14769
19.6742 1.5396 0.14663
19.7118 1.5391 0.14581
19.7492 1.5402 0.14435
19.7867 1.5412 0.14337
19.8247 1.5404 0.14211
19.8626 1.5419 0.14107
19.9009 1.5411 0.14024
19.939 1.5428 0.13918
19.9776 1.5421 0.13790
20.016 1.5429 0.13692
20.0545 1.5438 0.13593
20.0936 1.5431 0.13464
20.1325 1.5444 0.13360
20.1719 1.5437 0.13275
20.211 1.5453 0.13168
20.2507 1.5447 0.13036
20.2901 1.5461 0.12888
20.3302 1.5452 0.12758
20.3699 1.5464 0.12654
20.4102 1.5456 0.12523
20.4503 1.5463 0.12424
20.4905 1.5469 0.12278
20.5314 1.5462 0.12192
20.5719 1.5473 0.11994
20.613 1.5462 0.11911
20.6539 1.5471 0.11761
20.6954 1.5462 0.11723
20.7366 1.5476 0.11612
20.7784 1.5470 0.11431
20.8199 1.5472 0.11241
20.8616 1.5473 0.11145
20.9039 1.5463 0.11055
20.9459 1.5471 0.10906
20.9886 1.5461 0.10816
21.0309 1.5467 0.10668
21.0739 1.5457 0.10625
21.1166 1.5466 0.10471
21.16 1.5455 0.10335
21.2031 1.5456 0.10282
21.2463 1.5464 0.10270
21.2902 1.5461 0.10032
21.3338 1.5465 0.098348
21.378 1.5450 0.097014
21.422 1.5451 0.095973
21.4666 1.5439 0.095520
21.5109 1.5446 0.094462
21.5559 1.5437 0.093521
21.6006 1.5441 0.091983
21.646 1.5431 0.091503
21.691 1.5432 0.089976
21.7363 1.5432 0.088952
21.7822 1.5419 0.087522
21.8279 1.5421 0.086937
21.8742 1.5410 0.085979
21.9202 1.5415 0.085368
21.9669 1.5405 0.083930
22.0133 1.5407 0.083329
22.0604 1.5398 0.082311
22.1073 1.5398 0.081255
22.1543 1.5397 0.080202
22.202 1.5385 0.079187
22.2494 1.5388 0.078573
22.2975 1.5378 0.077568
22.3454 1.5381 0.076940
22.3939 1.5371 0.075455
22.4422 1.5371 0.074844
22.4911 1.5361 0.074296
22.5398 1.5366 0.074127
22.5887 1.5367 0.071563
22.6383 1.5355 0.071019
22.6876 1.5353 0.069413
22.7376 1.5341 0.069371
22.7873 1.5343 0.068214
22.8378 1.5334 0.067640
22.888 1.5336 0.066507
22.9389 1.5324 0.065448
22.9896 1.5321 0.064821
23.0404 1.5321 0.064178
23.092 1.5313 0.063088
23.1433 1.5311 0.061438
23.1954 1.5298 0.061338
23.2472 1.5298 0.060189
23.2997 1.5289 0.060066
23.3519 1.5290 0.058411
23.405 1.5280 0.058286
23.4577 1.5280 0.056628
23.5112 1.5270 0.056500
23.5643 1.5269 0.055326
23.6178 1.5265 0.054135
23.672 1.5252 0.053017
23.7259 1.5249 0.052869
23.7806 1.5242 0.052212
23.8351 1.5241 0.050983
23.8903 1.5232 0.050327
23.9452 1.5228 0.048637
24.001 1.5218 0.049017
24.0564 1.5217 0.047266
24.1127 1.5207 0.047100
24.1686 1.5200 0.044857
24.2248 1.5191 0.045223
24.2819 1.5182 0.044536
24.3386 1.5183 0.044350
24.3962 1.5174 0.042595
24.4535 1.5169 0.041881
24.5116 1.5157 0.041188
24.5694 1.5153 0.041010
24.6275 1.5152 0.040267
24.6865 1.5142 0.038487
24.7451 1.5137 0.038271
24.8047 1.5127 0.037030
24.8639 1.5124 0.036833
24.924 1.5114 0.035025
24.9838 1.5108 0.034802
25.0445 1.5096 0.033540
25.1048 1.5094 0.033859
25.1661 1.5085 0.031488
25.227 1.5075 0.031262
25.2883 1.5065 0.029971
25.3505 1.5055 0.030310
25.4123 1.5052 0.028988
25.4751 1.5041 0.028219
25.5376 1.5036 0.027429
25.601 1.5023 0.026082
25.6641 1.5018 0.026396
25.7281 1.5009 0.024519
25.7918 1.5003 0.024255
25.8558 1.4989 0.021251
25.9208 1.4973 0.022674
25.9855 1.4970 0.021300
26.0512 1.4964 0.021023
26.1165 1.4949 0.016838
26.1828 1.4923 0.017730
26.2488 1.4913 0.018036
26.3158 1.4905 0.017785
26.3824 1.4896 0.016346
26.4494 1.4883 0.015503
26.5175 1.4869 0.015250
26.5851 1.4858 0.014392
26.6539 1.4849 0.014693
26.7222 1.4841 0.012655
26.7917 1.4827 0.012389
26.8608 1.4812 0.010342
26.9309 1.4796 0.011211
27.0008 1.4784 0.0091419
27.0709 1.4769 0.0094337
27.1422 1.4752 0.0073876
27.2131 1.4736 0.0082555
27.2851 1.4722 0.0067668
27.3568 1.4709 0.0070131
27.4296 1.4693 0.0049274
27.502 1.4671 0.0045896
27.5756 1.4654 0.0048723
27.6488 1.4641 0.0039325
27.7231 1.4623 0.0029907
27.7971 1.4596 0.00085449
27.8715 1.4572 0.0029604
27.947 1.4555 0.0020015
28.0222 1.4540 0.0028780
28.0986 1.4520 0.00066233
28.1746 1.4496 0.0015805
28.2518 1.4473 0.00060129
28.3286 1.4453 0.0020986
28.4067 1.4434 0.00060987
28.4843 1.4407 0.00076890
28.5625 1.4381 0.0010080
28.6418 1.4355 0.0017147
28.7208 1.4335 0.0030918
28.801 1.4313 0.0025516
28.8809 1.4289 0.0039444
28.962 1.4264 0.0040400
29.0428 1.4245 0.0067258
29.1248 1.4227 0.0061884
29.2065 1.4208 0.0082629
29.2894 1.4182 0.0070424
29.372 1.4161 0.011170
29.4551 1.4148 0.011289
29.5395 1.4133 0.013418
29.6235 1.4117 0.012890
29.7089 1.4094 0.015050
29.7938 1.4079 0.016556
29.8802 1.4065 0.018744
29.9661 1.4057 0.019555
30.0535 1.4036 0.019759
30.1405 1.4021 0.022663
30.2279 1.4011 0.023544
30.3168 1.4003 0.026478
30.4053 1.3991 0.024559
30.4952 1.3971 0.028269
30.5848 1.3961 0.028451
30.6758 1.3952 0.032192
30.7664 1.3946 0.030943
30.8585 1.3928 0.033341
30.9502 1.3915 0.034251
31.0424 1.3908 0.037364
31.1362 1.3901 0.038289
31.2295 1.3895 0.039259
31.3244 1.3882 0.040967
31.4189 1.3873 0.041916
31.5149 1.3869 0.045834
31.6106 1.3870 0.044566
31.7078 1.3859 0.047086
31.8046 1.3849 0.045847
31.902 1.3839 0.049850
32.001 1.3831 0.050118
32.0996 1.3833 0.052615
32.1999 1.3820 0.051386
32.2997 1.3809 0.053991
32.4013 1.3798 0.055781
32.5024 1.3804 0.058364
32.6052 1.3800 0.057858
32.7075 1.3789 0.057418
32.8116 1.3773 0.060877
32.9153 1.3770 0.061172
33.0196 1.3767 0.063047
33.1257 1.3745 0.061849
33.2314 1.3737 0.066891
33.3389 1.3730 0.067234
33.4459 1.3736 0.070720
33.5548 1.3726 0.068702
33.6632 1.3718 0.071454
33.7735 1.3699 0.071869
33.8834 1.3698 0.076258
33.9939 1.3700 0.075797
34.1064 1.3676 0.076266
34.2185 1.3662 0.079934
34.3324 1.3665 0.086915
34.4459 1.3710 0.088660
34.5614 1.3707 0.082460
34.6765 1.3694 0.084578
34.7935 1.3669 0.084284
34.9101 1.3667 0.088873
35.0287 1.3656 0.088514
35.1469 1.3658 0.092255
35.2659 1.3656 0.090148
35.387 1.3633 0.093243
35.5076 1.3632 0.094562
35.6303 1.3625 0.098445
35.7526 1.3632 0.097152
35.877 1.3604 0.097775
36.001 1.3594 0.10174
36.1259 1.3596 0.10394
36.2529 1.3590 0.10623
36.3795 1.3586 0.10496
36.5083 1.3565 0.11002
36.6367 1.3569 0.11049
36.7674 1.3560 0.11553
36.8976 1.3566 0.11425
37.0302 1.3552 0.11939
37.1623 1.3559 0.11893
37.2967 1.3549 0.12410
37.4308 1.3563 0.12455
37.5657 1.3569 0.12600
37.7031 1.3555 0.12579
37.8401 1.3536 0.12466
37.9795 1.3506 0.13202
38.1185 1.3518 0.13433
38.2599 1.3509 0.13789
38.401 1.3514 0.13847
38.5446 1.3504 0.14487
38.6877 1.3512 0.14451
38.8319 1.3523 0.15076
38.9788 1.3517 0.14958
39.1252 1.3531 0.15498
39.2742 1.3523 0.15477
39.4228 1.3539 0.15922
39.5742 1.3528 0.15906
39.7251 1.3529 0.16174
39.8788 1.3515 0.16660
40.032 1.3529 0.16919
40.1865 1.3540 0.17183
40.3437 1.3529 0.17469
40.5006 1.3546 0.17731
40.6603 1.3529 0.18037
40.8197 1.3559 0.18691
40.9819 1.3553 0.18581
41.1438 1.3580 0.19345
41.3087 1.3580 0.19229
41.4731 1.3599 0.19704
41.6406 1.3594 0.19905
41.8078 1.3609 0.20284
41.9762 1.3625 0.20564
42.1479 1.3619 0.20981
42.3191 1.3657 0.21444
42.4935 1.3660 0.21642
42.6676 1.3697 0.22008
42.8449 1.3685 0.22021
43.0219 1.3713 0.22928
43.2003 1.3752 0.22870
43.3821 1.3763 0.23495
43.5635 1.3797 0.23127
43.7484 1.3784 0.23901
43.9329 1.3826 0.24057
44.1209 1.3835 0.24697
44.3086 1.3882 0.24622
44.4998 1.3868 0.24984
44.6907 1.3914 0.25677
44.8853 1.3937 0.26095
45.0796 1.4003 0.26535
45.2755 1.4038 0.26050
45.4752 1.4039 0.26950
45.6746 1.4097 0.26866
45.8779 1.4123 0.27727
46.0808 1.4184 0.27191
46.2877 1.4191 0.27979
46.4943 1.4249 0.27780
46.705 1.4266 0.28562
46.9153 1.4341 0.28447
47.1298 1.4360 0.28773
47.344 1.4414 0.28811
47.5602 1.4458 0.28985
47.7806 1.4488 0.29520
48.0008 1.4570 0.29394
48.2253 1.4601 0.29600
48.4496 1.4648 0.28972
48.6784 1.4659 0.30010
48.9069 1.4740 0.29660
49.14 1.4779 0.30306
49.373 1.4836 0.29435
49.6081 1.4882 0.30187
49.848 1.4918 0.29930
50.0877 1.5006 0.30251
50.3322 1.5031 0.29446
50.5766 1.5071 0.29522
50.8259 1.5095 0.29867
51.0751 1.5170 0.29531
51.3294 1.5191 0.29532
51.5836 1.5221 0.28939
51.8403 1.5264 0.29708
52.1023 1.5295 0.29347
52.3642 1.5385 0.29794
52.6316 1.5403 0.28641
52.8989 1.5457 0.29282
53.1717 1.5478 0.28584
53.4445 1.5558 0.29180
53.723 1.5581 0.27893
54.0015 1.5598 0.28020
54.2829 1.5636 0.27873
54.5703 1.5652 0.28004
54.8576 1.5741 0.28001
55.1511 1.5792 0.27359
55.4447 1.5811 0.25581
55.7445 1.5679 0.24873
56.0444 1.5709 0.27756
56.3507 1.5785 0.26813
56.6572 1.5871 0.27066
56.9703 1.5864 0.25415
57.2836 1.5870 0.26298
57.6004 1.5904 0.25659
57.924 1.5937 0.26626
58.2479 1.6004 0.25070
58.5789 1.5969 0.25038
58.9102 1.5984 0.24927
59.2487 1.5999 0.25687
59.5877 1.6082 0.25205
59.9341 1.6075 0.24496
60.2809 1.6101 0.24866
60.6318 1.6132 0.24341
60.9905 1.6165 0.25084
61.3497 1.6214 0.23510
61.717 1.6210 0.24316
62.0848 1.6248 0.23130
62.461 1.6265 0.24166
62.8378 1.6322 0.22555
63.2231 1.6293 0.22628
63.6092 1.6291 0.21868
64.0041 1.6267 0.22715
64.3998 1.6317 0.22667
64.8004 1.6344 0.22250
65.2103 1.6366 0.22783
65.6211 1.6406 0.21674
66.0415 1.6403 0.22378
66.4628 1.6453 0.21788
66.8941 1.6515 0.22810
67.3265 1.6555 0.20327
67.7645 1.6559 0.21430
68.2128 1.6564 0.20074
68.6625 1.6605 0.20860
69.1228 1.6593 0.19087
69.5846 1.6589 0.19937
70.0574 1.6595 0.19526
70.5318 1.6653 0.20022
71.0177 1.6691 0.19137
71.5052 1.6703 0.18283
72.0046 1.6682 0.18308
72.5058 1.6678 0.17738
73.014 1.6710 0.18569
73.5348 1.6723 0.17398
74.0576 1.6773 0.18071
74.5935 1.6750 0.15889
75.1315 1.6741 0.17217
75.683 1.6737 0.16030
76.2369 1.6770 0.17028
76.8049 1.6754 0.15230
77.3754 1.6745 0.16597
77.9545 1.6809 0.16205
78.5484 1.6838 0.15859
79.1452 1.6853 0.14748
79.7575 1.6800 0.14471
80.3729 1.6838 0.15513
81.0045 1.6860 0.14208
81.6393 1.6893 0.14628
82.291 1.6848 0.12566
82.9463 1.6852 0.14622
83.619 1.6869 0.12803
84.2957 1.6896 0.14041
84.9834 1.6887 0.11555
85.6898 1.6851 0.13366
86.4006 1.6890 0.12127
87.1308 1.6891 0.12590
87.8657 1.6873 0.10869
88.6211 1.6756 0.11243
89.3815 1.6765 0.13617
90.1632 1.6974 0.15829
90.9504 1.7176 0.12489
91.7515 1.7115 0.093622
92.5754 1.7014 0.10240
93.4056 1.6965 0.094960
94.2596 1.7053 0.12788
95.1203 1.7172 0.090404
96.0061 1.7154 0.091606
96.8992 1.7100 0.065505
97.8091 1.7039 0.079714
98.7459 1.7037 0.069516
99.691 1.7034 0.070465
100.663 1.7006 0.058126
101.65 1.6952 0.057315
102.657 1.6917 0.056389
103.683 1.6892 0.055269
104.731 1.6869 0.054237
105.799 1.6850 0.053166
106.89 1.6828 0.051938
108.003 1.6816 0.052807
109.141 1.6811 0.051612
110.301 1.6806 0.050396
111.488 1.6799 0.049030
112.699 1.6793 0.047756
113.938 1.6788 0.046455
115.203 1.6784 0.044981
116.499 1.6780 0.043612
117.822 1.6779 0.042197
119.177 1.6781 0.040606
120.562 1.6792 0.039083
121.981 1.6786 0.032882
123.432 1.6866 0.042689
124.92 1.6779 0.0000
126.443 1.6505 0.0038781
128.005 1.6421 0.031798
129.604 1.6564 0.059955
131.246 1.6669 0.032594
132.927 1.6672 0.038495
134.655 1.6661 0.023836
136.426 1.6633 0.032426
138.246 1.6656 0.030533
140.113 1.6649 0.025867
142.033 1.6617 0.026651
144.005 1.6652 0.041199
146.032 1.6881 0.055341
148.117 1.6903 0.0000
150.265 1.6785 0.0091207
152.474 1.6691 0.0000
154.751 1.6648 0.010506
157.094 1.6563 -0.033843
159.513 1.6435 0.0056167
162.004 1.6416 0.0000
164.577 1.6512 0.035413
167.23 1.6630 0.0000
169.973 1.6641 0.0074589
172.804 1.6620 0.0000
175.735 1.6538 0.0000
178.763 1.6494 -0.025816
181.901 1.6362 -0.032916
185.147 1.6326 0.0000
188.516 1.6390 0.0000
192.005 1.6414 0.0000
195.63 1.6227 -0.059069
199.39 1.6006 -0.046400
0.20000E+03 0.17713E+01 0.38067E-01
0.25000E+03 0.17344E+01 0.17932E-01
0.35000E+03 0.17340E+01 0.90366E-02
0.45000E+03 0.17255E+01 0.69066E-02
0.50000E+03 0.17248E+01 0.61724E-02
0.60000E+03 0.17233E+01 0.53259E-02
0.80000E+03 0.17226E+01 0.40571E-02
0.10000E+04 0.17217E+01 0.32411E-02
0.13000E+04 0.17203E+01 0.25613E-02
0.15000E+04 0.17204E+01 0.22502E-02
0.20000E+04 0.17088E+01 0.16573E-02
0.26000E+04 0.17143E+01 0.12693E-02
0.30000E+04 0.17222E+01 0.11055E-02
0.57000E+04 0.17222E+01 0.61713E-03
0.96000E+04 0.17222E+01 0.44780E-03
0.30000E+05 0.17222E+01 0.24170E-03
0.10000E+06 0.17222E+01 0.45000E-04
