386 2.24
6.199200E-05 1 1.4161E-17
6.888000E-05 0.999999 4.0490E-10
7.749000E-05 0.999998 6.6150E-10
8.856000E-05 0.999998 1.3050E-09
1.033200E-04 0.999997 2.6570E-09
1.239840E-04 0.999996 4.5370E-09
1.549800E-04 0.999993 1.1500E-08
2.066400E-04 0.999988 3.7800E-08
2.479680E-04 0.999982 7.9950E-08
3.099600E-04 0.999972 1.9880E-07
4.132800E-04 0.99995 6.3700E-07
4.959360E-04 0.999928 1.3220E-06
6.199200E-04 0.999887 3.2140E-06
6.525474E-04 0.999874 3.9370E-06
6.888000E-04 0.99986 4.8720E-06
7.293177E-04 0.999842 6.1010E-06
7.749000E-04 0.999822 7.7360E-06
8.265600E-04 0.999796 9.9570E-06
8.856000E-04 0.999766 1.3020E-05
9.537231E-04 0.999727 1.7350E-05
1.033200E-03 0.999679 2.3640E-05
1.127127E-03 0.999616 3.3010E-05
1.239840E-03 0.999534 4.7480E-05
1.305095E-03 0.999483 5.7680E-05
1.377600E-03 0.999423 7.0740E-05
1.458635E-03 0.999352 8.7710E-05
1.549800E-03 0.999268 1.1000E-04
1.653120E-03 0.999167 1.3990E-04
1.771200E-03 0.999046 1.8050E-04
1.907446E-03 0.998896 2.3680E-04
2.066400E-03 0.998713 3.1680E-04
2.254255E-03 0.998486 4.3320E-04
2.479680E-03 0.998205 6.0760E-04
2.755200E-03 0.997856 8.7790E-04
3.099600E-03 0.99746 1.3140E-03
3.262737E-03 0.997295 1.5610E-03
3.444000E-03 0.997143 1.8670E-03
3.646588E-03 0.997026 2.2510E-03
3.757091E-03 0.996975 2.4780E-03
3.874500E-03 0.996817 2.7180E-03
3.936000E-03 0.996581 3.2610E-03
3.999484E-03 0.996999 4.0790E-03
4.012427E-03 0.997206 4.2450E-03
4.025455E-03 0.99755 4.3600E-03
4.038567E-03 0.997899 4.2210E-03
4.051765E-03 0.998031 3.9790E-03
4.065049E-03 0.998053 3.8910E-03
4.078421E-03 0.998156 3.8530E-03
4.091881E-03 0.99831 3.7120E-03
4.105431E-03 0.998281 3.4140E-03
4.119070E-03 0.998106 3.3240E-03
4.132800E-03 0.997881 3.2850E-03
4.146622E-03 0.997717 3.5070E-03
4.160537E-03 0.9977 3.6780E-03
4.174545E-03 0.997563 3.8500E-03
4.188649E-03 0.997686 4.4460E-03
4.202847E-03 0.998124 4.6720E-03
4.217143E-03 0.998543 4.8480E-03
4.231536E-03 0.999156 4.9690E-03
4.244574E-03 0.999673 4.6620E-03
4.246028E-03 0.999813 4.8770E-03
4.250394E-03 1.00065 5.0920E-03
4.251852E-03 1.00093 4.7190E-03
4.253311E-03 1.00113 4.1840E-03
4.259155E-03 1.00068 2.7450E-03
4.260619E-03 1.00043 2.5860E-03
4.275310E-03 0.999096 2.7630E-03
4.290104E-03 0.998675 3.2630E-03
4.305000E-03 0.998536 3.6020E-03
4.320000E-03 0.998025 3.9990E-03
4.327539E-03 0.997483 4.8290E-03
4.335105E-03 0.996726 6.4860E-03
4.338139E-03 0.997312 8.9540E-03
4.339657E-03 0.997868 9.8210E-03
4.341177E-03 0.998898 1.0450E-02
4.342697E-03 1.0002 1.0850E-02
4.344219E-03 1.00142 1.1110E-02
4.345742E-03 1.00259 1.0830E-02
4.347265E-03 1.00372 1.0250E-02
4.348790E-03 1.00472 9.6050E-03
4.350316E-03 1.00554 8.9060E-03
4.351843E-03 1.00615 8.0700E-03
4.354900E-03 1.00702 6.3500E-03
4.357961E-03 1.00735 4.5460E-03
4.361027E-03 1.00709 2.7800E-03
4.364097E-03 1.00616 1.0070E-03
4.365634E-03 1.00563 5.7080E-04
4.373333E-03 1.00347 2.9960E-04
4.381060E-03 1.00249 2.4610E-04
4.396596E-03 1.00142 1.9370E-04
4.428000E-03 1.00032 1.9870E-04
4.508509E-03 0.999107 2.1170E-04
4.592000E-03 0.998438 2.2580E-04
4.768616E-03 0.997548 2.5730E-04
5.166000E-03 0.99622 3.3890E-04
5.635636E-03 0.994917 4.5620E-04
6.199200E-03 0.993388 6.3020E-04
6.525474E-03 0.992477 7.4860E-04
6.888000E-03 0.991429 8.9720E-04
7.084800E-03 0.990844 9.8550E-04
7.293177E-03 0.990213 1.0860E-03
7.749000E-03 0.98877 1.3270E-03
8.265601E-03 0.98705 1.6430E-03
8.856000E-03 0.98495 2.0600E-03
9.537231E-03 0.98237 2.6230E-03
1.033200E-02 0.97915 3.4010E-03
1.127127E-02 0.975 4.5020E-03
1.239840E-02 0.969619 6.1060E-03
1.305095E-02 0.966269 7.1930E-03
1.377600E-02 0.962369 8.5410E-03
1.458635E-02 0.957789 1.0230E-02
1.549800E-02 0.952359 1.2390E-02
1.653120E-02 0.945849 1.5180E-02
1.771200E-02 0.938009 1.8850E-02
1.907446E-02 0.928369 2.3770E-02
2.066400E-02 0.916528 3.0520E-02
2.156243E-02 0.909458 3.4860E-02
2.214000E-02 0.904838 3.7860E-02
2.296000E-02 0.8981 4.2410E-02
2.361600E-02 0.8926 4.6310E-02
2.479680E-02 0.8825 5.3940E-02
2.583000E-02 0.8735 6.1250E-02
2.695304E-02 0.8635 7.0010E-02
2.817818E-02 0.8524 8.0420E-02
2.952000E-02 0.8402 9.3070E-02
3.099600E-02 0.8268 1.0840E-01
3.179077E-02 0.8196 1.1740E-01
3.262737E-02 0.8122 1.2730E-01
3.350919E-02 0.8043 1.3840E-01
3.444000E-02 0.7965 1.5070E-01
3.542400E-02 0.78829 1.6440E-01
3.646588E-02 0.78009 1.7980E-01
3.757091E-02 0.77199 1.9700E-01
3.874500E-02 0.76409 2.1630E-01
3.999484E-02 0.75659 2.3780E-01
4.132800E-02 0.74999 2.6190E-01
4.275310E-02 0.74439 2.8860E-01
4.428000E-02 0.74069 3.1810E-01
4.592000E-02 0.73909 3.5050E-01
4.768616E-02 0.74059 3.8570E-01
4.959360E-02 0.74609 4.2340E-01
5.166000E-02 0.75679 4.6301E-01
5.390609E-02 0.77409 5.0371E-01
5.635637E-02 0.81769 5.3251E-01
5.904000E-02 0.82859 5.1111E-01
6.199200E-02 0.76329 5.1101E-01
6.525474E-02 0.67569 6.1421E-01
6.888000E-02 0.67389 8.0881E-01
7.293177E-02 0.84779 9.9081E-01
7.749000E-02 0.996768 9.6311E-01
8.265600E-02 0.982758 9.5141E-01
8.856000E-02 0.931109 1.1380E+00
9.116471E-02 0.97711 1.2700E+00
9.322105E-02 1.02336 1.3540E+00
9.537231E-02 1.07471 1.4750E+00
9.762520E-02 1.22389 1.6070E+00
9.999516E-02 1.39569 1.6400E+00
1.024661E-01 1.49669 1.7020E+00
1.050000E-01 1.67089 1.8590E+00
1.078122E-01 2.079 1.9790E+00
1.109973E-01 2.788 1.6290E+00
1.148000E-01 2.703 1.0260E+00
1.180013E-01 2.63 7.7940E-01
1.215529E-01 2.529 5.7200E-01
1.249965E-01 2.412 4.3990E-01
1.278186E-01 2.326 3.7210E-01
1.305095E-01 2.254 3.3050E-01
1.333161E-01 2.194 2.9760E-01
1.362461E-01 2.14 2.7220E-01
1.389955E-01 2.099 2.5150E-01
1.408909E-01 2.071 2.3710E-01
1.425104E-01 2.048 2.2620E-01
1.441674E-01 2.024 2.1630E-01
1.458635E-01 1.99997 2.0750E-01
1.490013E-01 1.95686 1.9570E-01
1.549800E-01 1.87846 1.8900E-01
1.600000E-01 1.82655 2.0361E-01
1.653120E-01 1.79045 2.2341E-01
1.700041E-01 1.77035 2.3521E-01
1.800000E-01 1.73754 2.4371E-01
1.899847E-01 1.68493 2.4361E-01
2.000065E-01 1.62092 2.7331E-01
2.100000E-01 1.56871 3.2892E-01
2.137655E-01 1.55711 3.5612E-01
2.175158E-01 1.5517 3.7962E-01
2.190143E-01 1.5483 3.8782E-01
2.214000E-01 1.5421 4.0173E-01
2.254255E-01 1.53 4.2813E-01
2.299833E-01 1.52189 4.6853E-01
2.339321E-01 1.52179 5.0434E-01
2.384308E-01 1.52919 5.4374E-01
2.400000E-01 1.53289 5.5684E-01
2.500181E-01 1.56529 6.3595E-01
2.583000E-01 1.60468 6.9175E-01
2.739978E-01 1.71758 7.9096E-01
2.850207E-01 1.81368 8.1496E-01
2.917271E-01 1.86777 8.1806E-01
3.099600E-01 1.99966 7.9766E-01
3.262737E-01 2.0859 7.4845E-01
3.440177E-01 2.1478 6.9075E-01
3.649809E-01 2.1848 6.4676E-01
3.814892E-01 2.2248 6.2166E-01
3.999484E-01 2.2708 5.8926E-01
4.339657E-01 2.3467 4.9576E-01
4.399716E-01 2.3537 4.7796E-01
4.860212E-01 2.3727 3.5555E-01
5.500621E-01 2.3486 2.5405E-01
6.563473E-01 2.3084 1.6355E-01
7.000791E-01 2.2943 1.4085E-01
7.998968E-01 2.2691 1.0616E-01
8.997388E-01 2.2498 8.3934E-02
9.998710E-01 2.2355 6.9422E-02
1.127127E+00 2.2221 5.6687E-02
1.249965E+00 2.2127 4.8474E-02
1.305095E+00 2.2094 4.5572E-02
1.377600E+00 2.2052 4.2315E-02
1.458635E+00 2.2008 3.9341E-02
1.549800E+00 2.1974 3.6581E-02
1.650040E+00 2.1939 3.4105E-02
1.771200E+00 2.1903 3.1709E-02
1.907446E+00 2.1865 2.9592E-02
2.066400E+00 2.1825 2.7701E-02
2.121924E+00 2.1822 2.7144E-02
2.199858E+00 2.1807 2.6457E-02
2.254255E+00 2.1793 2.6002E-02
2.423930E+00 2.1771 2.4878E-02
2.479680E+00 2.1757 2.4539E-02
2.755200E+00 2.1725 2.3351E-02
3.099600E+00 2.1674 2.2419E-02
3.262737E+00 2.1658 2.2137E-02
3.401482E+00 2.1644 2.1945E-02
3.646588E+00 2.1618 2.1727E-02
3.874500E+00 2.1592 2.1623E-02
4.132800E+00 2.156 2.1589E-02
4.428000E+00 2.1522 2.1626E-02
4.768616E+00 2.1484 2.1776E-02
4.999355E+00 2.145 2.1927E-02
5.166000E+00 2.1424 2.2011E-02
5.510400E+00 2.1379 2.2250E-02
5.635636E+00 2.1357 2.2356E-02
5.904000E+00 2.131 2.2648E-02
6.199200E+00 2.1266 2.3038E-02
6.358154E+00 2.1236 2.3246E-02
6.525474E+00 2.1203 2.3472E-02
6.701838E+00 2.1168 2.3765E-02
6.911037E+00 2.1135 2.4152E-02
7.084800E+00 2.1098 2.4522E-02
7.293177E+00 2.1052 2.5026E-02
7.514182E+00 2.1003 2.5627E-02
7.749001E+00 2.0948 2.6343E-02
7.998968E+00 2.0888 2.7259E-02
8.265600E+00 2.0822 2.8394E-02
8.377297E+00 2.0794 2.8904E-02
8.492055E+00 2.0754 2.9462E-02
8.610001E+00 2.0734 3.0041E-02
8.731268E+00 2.0702 3.0673E-02
8.856000E+00 2.0668 3.1352E-02
8.984348E+00 2.0633 3.2082E-02
9.116470E+00 2.0597 3.2867E-02
9.252538E+00 2.0559 3.3710E-02
9.392728E+00 2.0508 3.4629E-02
9.537231E+00 2.0467 3.5605E-02
9.663602E+00 2.043 3.6499E-02
9.686250E+00 2.0423 3.6655E-02
9.840000E+00 2.0377 3.7796E-02
9.998710E+00 2.0329 3.9013E-02
1.016262E+01 2.0268 4.0348E-02
1.033200E+01 2.0215 4.1774E-02
1.050712E+01 2.0149 4.3334E-02
1.068828E+01 2.0079 4.5025E-02
1.087579E+01 1.99957 4.6897E-02
1.107000E+01 1.98977 4.9001E-02
1.127127E+01 1.97192 5.1747E-02
1.135385E+01 1.95805 5.3577E-02
1.139559E+01 1.94558 5.5234E-02
1.141658E+01 1.93492 5.6640E-02
1.142710E+01 1.92904 5.7609E-02
1.143764E+01 1.92094 5.8923E-02
1.144820E+01 1.91064 6.0751E-02
1.145878E+01 1.89813 6.3409E-02
1.146938E+01 1.88008 6.7703E-02
1.148000E+01 1.85318 7.5322E-02
1.149064E+01 1.80969 9.1245E-02
1.150130E+01 1.7283 1.3453E-01
1.151198E+01 1.56248 3.2716E-01
1.151733E+01 1.55106 6.7924E-01
1.152268E+01 2.1037 9.8670E-01
1.152375E+01 2.2487 9.3325E-01
1.152482E+01 2.363 8.4250E-01
1.153340E+01 2.3948 2.5275E-01
1.154413E+01 2.2322 1.1211E-01
1.155489E+01 2.1574 7.9641E-02
1.156567E+01 2.1155 6.7910E-02
1.157647E+01 2.0899 6.2526E-02
1.158729E+01 2.0719 5.9702E-02
1.159813E+01 2.0595 5.8060E-02
1.160899E+01 2.0503 5.7069E-02
1.161987E+01 2.0423 5.6460E-02
1.163077E+01 2.0364 5.6056E-02
1.165263E+01 2.0257 5.5687E-02
1.169660E+01 2.0143 5.5582E-02
1.192154E+01 1.98748 5.7852E-02
1.215529E+01 1.97341 6.0789E-02
1.227564E+01 1.96672 6.2384E-02
1.239840E+01 1.961 6.4029E-02
1.265143E+01 1.95025 6.7531E-02
1.291500E+01 1.93888 7.1374E-02
1.318979E+01 1.92797 7.5556E-02
1.347652E+01 1.91521 8.0200E-02
1.377600E+01 1.90279 8.5272E-02
1.408909E+01 1.88837 9.0925E-02
1.441674E+01 1.87416 9.7130E-02
1.476000E+01 1.85893 1.0402E-01
1.499928E+01 1.84811 1.0906E-01
1.512000E+01 1.84259 1.1168E-01
1.549800E+01 1.82502 1.2024E-01
1.589538E+01 1.8061 1.2983E-01
1.631368E+01 1.7857 1.4061E-01
1.675459E+01 1.76366 1.5277E-01
1.722000E+01 1.73983 1.6654E-01
1.771200E+01 1.71402 1.8223E-01
1.823294E+01 1.68476 2.0031E-01
1.878546E+01 1.65437 2.2095E-01
1.937250E+01 1.62138 2.4480E-01
2.000065E+01 1.5854 2.7270E-01
2.032525E+01 1.56658 2.8813E-01
2.066400E+01 1.54682 3.0501E-01
2.101424E+01 1.52628 3.2333E-01
2.137655E+01 1.50498 3.4323E-01
2.175158E+01 1.48291 3.6489E-01
2.214000E+01 1.46012 3.8849E-01
2.254255E+01 1.43664 4.1423E-01
2.296000E+01 1.41256 4.4234E-01
2.339321E+01 1.38798 4.7305E-01
2.384308E+01 1.36305 5.0660E-01
2.431059E+01 1.33797 5.4324E-01
2.499677E+01 1.30309 6.0015E-01
2.755200E+01 1.2017 8.3846E-01
2.999855E+01 1.15494 1.0843E+00
3.350919E+01 1.15886 1.4243E+00
3.757091E+01 1.22473 1.7762E+00
4.132800E+01 1.31563 2.0640E+00
4.508509E+01 1.42172 2.3223E+00
4.999355E+01 1.57245 2.6238E+00
5.166000E+01 1.62541 2.7184E+00
5.390609E+01 1.69762 2.8404E+00
5.635637E+01 1.77708 2.9671E+00
5.904000E+01 1.86447 3.0987E+00
6.199200E+01 1.96059 3.2359E+00
6.358154E+01 2.0122 3.3067E+00
6.525474E+01 2.0664 3.3791E+00
6.701838E+01 2.1232 3.4531E+00
6.888000E+01 2.1829 3.5290E+00
7.000790E+01 2.2189 3.5738E+00
7.084800E+01 2.2456 3.6067E+00
7.293176E+01 2.3115 3.6864E+00
7.514182E+01 2.3807 3.7683E+00
7.749000E+01 2.4535 3.8524E+00
7.998968E+01 2.5301 3.9389E+00
8.265601E+01 2.6108 4.0280E+00
8.550621E+01 2.6959 4.1200E+00
8.856000E+01 2.7856 4.2149E+00
9.184000E+01 2.8804 4.3132E+00
9.537231E+01 2.9805 4.4151E+00
9.998710E+01 3.1085 4.5425E+00
1.033200E+02 3.199 4.6310E+00
1.127127E+02 3.4452 4.8664E+00
1.180800E+02 3.5805 4.9928E+00
1.239840E+02 3.7251 5.1260E+00
1.350000E+02 3.9836 5.3605E+00
1.499927E+02 4.3147 5.6556E+00
1.749951E+02 4.8218 6.1012E+00
2.000065E+02 5.2837 6.5044E+00
2.500182E+02 6.1059 7.2239E+00
2.999855E+02 6.8293 7.8634E+00
3.542400E+02 7.5358 8.4954E+00
4.132800E+02 8.235 9.1285E+00
4.999355E+02 9.1636 9.9800E+00
7.000791E+02 11.009 1.1703E+01
9.998710E+02 13.299 1.3881E+01
1.200232E+03 14.63 1.5162E+01
1.239840E+03 14.879 1.5402E+01
1.499927E+03 16.42 1.6895E+01
2.000065E+03 19.034 1.9446E+01
1.239840E+04 47.836 4.8002E+01
1.239840E+05 151.51 1.5156E+02
