3.0999999999999995E-004 19.0437
3.1922953065422063E-004 18.8054
3.2873384916681954E-004 18.432
3.3852113670864239E-004 17.9315
3.4859981802591377E-004 17.3145
3.5897856869212635E-004 16.5939
3.6966632257584353E-004 15.7846
3.8067227953083308E-004 14.9026
3.9200591331516195E-004 13.9646
4.0367697974605886E-004 12.9879
4.1569552509757355E-004 11.9891
4.2807189474825219E-004 10.9843
4.4081674208628258E-004 9.98839
4.5394103767976325E-004 9.01484
4.6745607872000268E-004 8.0753
4.8137349874596402E-004 7.17956
4.9570527765823910E-004 6.33543
5.1046375203116115E-004 5.54875
5.2566162573193553E-004 4.82343
5.4131198085593710E-004 4.16159
5.5742828898757172E-004 3.56376
5.7402442279641281E-004 3.02905
5.9111466797857654E-004 2.55537
6.0871373555363426E-004 2.13973
6.2683677452762593E-004 1.77837
6.4549938493309582E-004 1.46708
6.6471763125735574E-004 1.20132
6.8450805627055214E-004 0.976454
7.0488769526542310E-004 0.787845
7.2587409072102092E-004 0.631022
7.4748530740300213E-004 0.501744
7.6973994791350385E-004 0.396079
7.9265716870397494E-004 0.31044
8.1625669656475251E-004 0.24161
8.4055884560558321E-004 0.186747
8.6558453474168970E-004 0.143374
8.9135530570045739E-004 0.109364
9.1789334156421390E-004 0.0829098
9.4522148586509186E-004 0.0624969
9.7336326224838142E-004 0.0468699
1.0023428947213296E-003 0.0350005
1.0321853285047834E-003 0.026055
1.0629162515056608E-003 0.0193649
1.0945621164286956E-003 0.0143999
1.1271501635465263E-003 0.010743
1.1607084441476955E-003 0.00807018
1.1952658446827726E-003 0.00613142
1.2308521116293626E-003 0.004736
1.2674978770974134E-003 0.00373952
1.3052346851968651E-003 0.00303364
1.3440950191903375E-003 0.0025377
1.3841123294542179E-003 0.00219208
1.4253210622722269E-003 0.00195302
1.4677566894862519E-003 0.00178859
1.5114557390299636E-003 0.00167557
1.5564558263714968E-003 0.00159721
1.6027956868922579E-003 0.00154141
1.6505152092297583E-003 0.00149949
1.6996554696131240E-003 0.00146525
1.7502587672208936E-003 0.00143428
1.8023686605914860E-003 0.00140349
1.8560300051177296E-003 0.0013708
1.9112889916576906E-003 0.00133482
1.9681931862950441E-003 0.00129475
2.0267915712832321E-003 0.00125023
2.0871345872086338E-003 0.00120122
2.1492741764090428E-003 0.00114797
2.2132638276848257E-003 0.00109091
2.2791586223412600E-003 0.00103066
2.3470152816016786E-003 0.000967921
2.4168922154322193E-003 0.00090347
2.4888495728202162E-003 0.000838117
2.5629492935495320E-003 0.000772672
2.6392551615173686E-003 0.000707912
2.7178328596384502E-003 0.000644559
2.7987500263838725E-003 0.000583263
2.8820763140032651E-003 0.000524583
2.9678834484803489E-003 0.000468981
3.0562452912735890E-003 0.000416818
3.1472379028949665E-003 0.000368348
3.2409396083817208E-003 0.00032373
3.3374310647173266E-003 0.000283026
3.4367953302597708E-003 0.000246219
3.5391179362369157E-003 0.000213217
3.6444869603704652E-003 0.000183868
3.7529931026919097E-003 0.000157976
3.8647297636156988E-003 0.000135305
3.9797931243368868E-003 0.000115598
4.0982822296224512E-003 9.85864e-05
4.2202990730674491E-003 8.3995e-05
4.3459486848895614E-003 7.15543e-05
4.4753392223374896E-003 6.10045e-05
4.6085820627910414E-003 5.21009e-05
4.7457918996330496E-003 4.46171e-05
4.8870868409756785E-003 3.8347e-05
5.0325885113260763E-003 3.31059e-05
5.1824221562788639E-003 2.87303e-05
5.3367167503256029E-003 2.50778e-05
5.4956051078740627E-003 2.20255e-05
5.6592239975728209E-003 1.94685e-05
5.8277142600395996E-003 1.73187e-05
6.0012209290946812E-003 1.55021e-05
6.1798933566038026E-003 1.39578e-05
6.3638853410379675E-003 1.26357e-05
6.5533552598607322E-003 1.1495e-05
6.7484662058571272E-003 1.05027e-05
6.9493861275214171E-003 9.63232e-06
7.1562879736245680E-003 8.86267e-06
7.3693498420858592E-003 8.17678e-06
7.5887551332768505E-003 7.56117e-06
7.8146927078895992E-003 7.0051e-06
8.0473570495050318E-003 6.49996e-06
8.2869484320013780E-003 6.03889e-06
8.5336730919468671E-003 5.61631e-06
8.7877434061250006E-003 5.22771e-06
9.0493780743451883E-003 4.86935e-06
9.3188023076961682E-003 4.53815e-06
9.5962480224042346E-003 4.23149e-06
9.8819540394632227E-003 3.94713e-06
1.0176166290207829E-002 3.68314e-06
1.0479138028007571E-002 3.43784e-06
1.0791130046263395E-002 3.20973e-06
1.1112410902894594E-002 2.99746e-06
1.1443257151509309E-002 2.79984e-06
1.1783953579457652E-002 2.61578e-06
1.2134793452972229E-002 2.44428e-06
1.2496078769607212E-002 2.28442e-06
1.2868120518193169E-002 2.13531e-06
1.3251238946531461E-002 1.99635e-06
1.3645763837058612E-002 1.8667e-06
1.4052034790717932E-002 1.74573e-06
1.4470401519282795E-002 1.63283e-06
1.4901224146383119E-002 1.52745e-06
1.5344873517494279E-002 1.42905e-06
1.5801731519155097E-002 1.33716e-06
1.6272191407689963E-002 1.25134e-06
1.6756658147717776E-002 1.17116e-06
1.7255548760739248E-002 1.09625e-06
1.7769292684102624E-002 1.02625e-06
1.8298332140656633E-002 9.60814e-07
1.8843122519409224E-002 8.99649e-07
1.9404132767519299E-002 8.42461e-07
1.9981845793959268E-002 7.88985e-07
2.0576758885195591E-002 7.38972e-07
2.1189384133245327E-002 6.92192e-07
2.1820248876477103E-002 6.48429e-07
2.2469896153535718E-002 6.07483e-07
2.3138885170781564E-002 5.69168e-07
2.3827791783646808E-002 5.3331e-07
2.4537208992322798E-002 4.99748e-07
2.5267747452205575E-002 4.68331e-07
2.6020035999538605E-002 4.38919e-07
2.6794722192705293E-002 4.1138e-07
2.7592472869637223E-002 3.85593e-07
2.8413974721818100E-002 3.61443e-07
2.9259934885377061E-002 3.38825e-07
3.0131081549780565E-002 3.17639e-07
3.1028164584646755E-002 2.97793e-07
3.1951956185221626E-002 2.79201e-07
3.2903251537072679E-002 2.61781e-07
3.3882869500572496E-002 2.45459e-07
3.4891653315761169E-002 2.30163e-07
3.5930471328194290E-002 2.1583e-07
3.7000217736401275E-002 2.02396e-07
3.8101813361597923E-002 1.89805e-07
3.9236206440314933E-002 1.78002e-07
4.0404373440625301E-002 1.66939e-07
4.1607319902673127E-002 1.56567e-07
4.2846081304226992E-002 1.46844e-07
4.4121723952003096E-002 1.37728e-07
4.5435345899525900E-002 1.2918e-07
4.6788077892315594E-002 1.21165e-07
4.8181084341216249E-002 1.1365e-07
4.9615564324702842E-002 1.06602e-07
5.1092752621029608E-002 9.99926e-08
5.2613920771108054E-002 9.37942e-08
5.4180378173029592E-002 8.79808e-08
5.5793473209175583E-002 8.25284e-08
5.7454594406883774E-002 7.74144e-08
5.9165171633671340E-002 7.26176e-08
6.0926677328042932E-002 6.81182e-08
6.2740627766942850E-002 6.38977e-08
6.4608584370943065E-002 5.99386e-08
6.6532155048289632E-002 5.62247e-08
6.8512995578965591E-002 5.27407e-08
7.0552811039960958E-002 4.94722e-08
7.2653357272976296E-002 4.6406e-08
7.4816442395824592E-002 4.35294e-08
7.7043928358831101E-002 4.08307e-08
7.9337732547571205E-002 3.82988e-08
8.1699829433326571E-002 3.59234e-08
8.4132252272679731E-002 3.36948e-08
8.6637094857709873E-002 3.16039e-08
8.9216513318296484E-002 2.96421e-08
9.1872727978083352E-002 2.78016e-08
9.4608025265698253E-002 2.60748e-08
9.7424759682875811E-002 2.44546e-08
0.10032535583117637 2.29345e-08
0.10331231049904560 2.15083e-08
0.10638819481101108 2.01702e-08
0.10955565644086739 1.89148e-08
0.11281742189075203 1.7737e-08
0.11617629883807742 1.66319e-08
0.11963517855233527 1.55951e-08
0.12319703838385761 1.46224e-08
0.12686494432667389 1.37099e-08
0.13064205365767073 1.28537e-08
0.13453161765432831 1.20505e-08
0.13853698439336878 1.12971e-08
0.14266160163272967 1.05902e-08
0.14690901977934093 9.92708e-09
0.15128289494526004 9.30503e-09
0.15578699209479732 8.72151e-09
0.16042518828533864 8.17415e-09
0.16520147600465684 7.66073e-09
0.17011996660758433 7.17914e-09
0.17518489385500269 6.72744e-09
0.18040061755819983 6.30378e-09
0.18577162733172822 5.90643e-09
0.19130254645799494 5.53377e-09
0.19699813586691275 5.18428e-09
0.20286329823403529 4.85654e-09
0.20890308220070430 4.54919e-09
0.21512268671984158 4.26069e-09
0.22152746553112912 3.9861e-09
0.22812293176942403 3.71867e-09
0.23491476271038073 3.4523e-09
0.24190880465736270 3.18179e-09
0.24911107797385004 2.90316e-09
0.25652778226567446 2.61402e-09
0.26416530171754660 2.31407e-09
0.27203021058846116 2.00555e-09
0.28012927887072048 1.69343e-09
0.28846947811743667 1.3854e-09
0.29705798744353956 1.09126e-09
0.30590219970544708 8.21734e-10
0.31500972786472131 5.86793e-10
0.32438841154118958 3.93779e-10
0.33404632376116833 2.45821e-10
0.34399177790659868 1.41149e-10
0.35423333487107866 7.36317e-11
0.36477981042894769 3.44497e-11
0.37564028282376982 1.42902e-11
0.38682410058274475 5.23877e-12
0.39834089056377614 1.7484e-12
0.41020056624212464 6.05838e-13
0.42241333624377092 2.84322e-13
0.43498971313284662 1.96823e-13
0.44794052246068650 1.63815e-13
0.46127691208429505 1.42397e-13
0.47501036176225059 1.24573e-13
0.48915269303630565 1.09025e-13
0.50371607940718732 9.53935e-14
0.51871305681335655 8.34397e-14
0.53415653442175492 7.29588e-14
0.55005980573981295 6.3771e-14
0.56643656005829768 5.57186e-14
0.58330089423484377 4.86625e-14
0.60066732482831131 4.24808e-14
0.61855080059441336 3.70663e-14
0.63696671535337779 3.23248e-14
0.65593092124070818 2.81738e-14
0.67545974235245743 2.45405e-14
0.69556998879676046 2.13612e-14
0.71627897116371397 1.85801e-14
0.73760451542606664 1.61479e-14
0.75956497828353964 1.40216e-14
0.78217926296399232 1.21634e-14
0.80546683549503129 1.05402e-14
0.82944774146006184 9.12275e-15
0.85414262325322288 7.88568e-15
0.87957273784803502 6.80659e-15
0.90575997509508566 5.86588e-15
0.93272687656446129 5.04635e-15
0.96049665494919301 4.33295e-15
0.98909321404638728 3.71247e-15
1.0185411693332358 3.17335e-15
1.0488658691556436 2.70544e-15
1.0800934165477019 2.29986e-15
1.1122506917007629 1.94884e-15
1.1453653751015067 1.64556e-15
1.1794659713588700 1.38402e-15
1.2145818337403744 1.159e-15
1.2507431894389767 9.65889e-16
1.2879811655921540 8.00664e-16
1.3263278160756751 6.59779e-16
1.3658161490950829 5.40123e-16
1.4064801555986408 4.38956e-16
1.4483548385362222 3.53865e-16
1.4914762429893165 2.82723e-16
1.5358814871980651 2.23647e-16
1.5816087945120794 1.74974e-16
1.6286975262925139 1.35228e-16
1.6771882157937090 1.03101e-16
1.7271226030535962 7.7431e-17
1.7785436708228899 5.7188e-17
1.8314956815639556 4.14608e-17
1.8860242155512692 2.94463e-17
1.9421762101062157 2.04411e-17
1.9999999999999982 1.38346e-17
