246 4.83
20.0294	 5.53528	 0.1383
20.1081	 5.53246	 0.13765
20.1874	 5.52962	 0.13834
20.2673	 5.527  	 0.14032
20.3479	 5.52524	 0.14317
20.4291	 5.52452	 0.1468
20.511	 5.52501	 0.15047
20.5936	 5.52681	 0.15376
20.6768	 5.52951	 0.15627
20.7606	 5.53254	 0.15756
20.8452	 5.53557	 0.15784
20.9305	 5.5381 	 0.15728
21.0164	 5.53995	 0.15619
21.1031	 5.54117	 0.15519
21.1905	 5.54215	 0.1544
21.2786	 5.54322	 0.1538
21.3674	 5.54463	 0.15306
21.457	 5.54635	 0.15193
21.5474	 5.54834	 0.14997
21.6385	 5.55017	 0.14669
21.7304	 5.5509 	 0.14224
21.823	 5.54998	 0.13715
21.9165	 5.54743	 0.13212
22.0108	 5.54309	 0.12775
22.1058	 5.53738	 0.12489
22.2017	 5.53105	 0.12388
22.2985	 5.52505	 0.12474
22.3961	 5.51993	 0.12699
22.4945	 5.51632	 0.13007
22.5938	 5.51427	 0.13314
22.694	 5.51338	 0.13531
22.7951	 5.51271	 0.13637
22.8971	 5.51177	 0.13617
23	 5.50957	 0.13547
23.1038	 5.50612	 0.13509
23.2086	 5.50188	 0.13578
23.3144	 5.49763	 0.13782
23.4211	 5.49383	 0.14105
23.5287	 5.49114	 0.14524
23.6374	 5.48984	 0.14967
23.7471	 5.48994	 0.15376
23.8578	 5.49121	 0.15707
23.9696	 5.49329	 0.15922
24.0824	 5.49556	 0.16
24.1962	 5.49765	 0.15941
24.3112	 5.49901	 0.1578
24.4272	 5.49951	 0.15542
24.5444	 5.49922	 0.15284
24.6626	 5.49809	 0.14993
24.7821	 5.4963 	 0.14719
24.9027	 5.49398	 0.14435
25.0245	 5.49094	 0.14178
25.1474	 5.48749	 0.13946
25.2716	 5.48372	 0.13776
25.397	 5.48018	 0.1366
25.5237	 5.47738	 0.13592
25.6516	 5.47602	 0.13468
25.7809	 5.47598	 0.13176
25.9114	 5.47609	 0.12546
26.0433	 5.47414	 0.1155
26.1765	 5.46796	 0.10282
26.3111	 5.45581	 0.08971
26.447	 5.43794	 0.07922
26.5844	 5.41585	 0.07384
26.7232	 5.39218	 0.07458
26.8635	 5.36933	 0.08193
27.0053	 5.35036	 0.09505
27.1485	 5.3374 	 0.11169
27.2933	 5.33175	 0.12846
27.4397	 5.33305	 0.1421
27.5876	 5.33898	 0.14854
27.7371	 5.34536	 0.14599
27.8883	 5.34698	 0.13437
28.0411	 5.33893	 0.11722
28.1956	 5.31907	 0.10009
28.3518	 5.28845	 0.0895
28.5098	 5.25163	 0.09021
28.6695	 5.2152 	 0.10422
28.831	 5.18625	 0.12961
28.9943	 5.17011	 0.16097
29.1595	 5.16916	 0.19021
29.3266	 5.18141	 0.20807
29.4957	 5.1995 	 0.20592
29.6667	 5.21039	 0.17953
29.8397	 5.19877	 0.13241
30.0147	 5.15126	 0.07778
30.1917	 5.06372	 0.03581
30.3709	 4.94387	 0.02706
30.5522	 4.80868	 0.06483
30.7357	 4.67847	 0.15285
30.9215	 4.5716 	 0.28634
31.1094	 4.50229	 0.45541
31.2997	 4.48068	 0.6474
31.4923	 4.51392	 0.84797
31.6873	 4.60627	 1.03973
31.8847	 4.75735	 1.20187
32.0846	 4.95811	 1.30962
32.2871	 5.18472	 1.34012
32.4921	 5.39907	 1.28336
32.6997	 5.55745	 1.15424
32.91	 5.63219	 0.99435
33.123	 5.62736	 0.85309
33.3388	 5.57524	 0.76445
33.5574	 5.51682	 0.73567
33.7789	 5.48641	 0.75065
34.0033	 5.50355	 0.78005
34.2308	 5.57086	 0.78688
34.4613	 5.66876	 0.73403
34.6949	 5.75331	 0.59597
34.9317	 5.76131	 0.37982
35.1718	 5.64042	 0.13983
35.4152	 5.38688	 0.0409
35.662	 5.05221	 0.09855
35.9123	 4.70684	 0.01819
36.1661	 4.40288	 0.1783
36.4235	 4.16563	 0.45953
36.6846	 4.00321	 0.80065
36.9495	 3.91811	 1.18726
37.2182	 3.91628	 1.61349
37.4908	 4.0132 	 2.07759
37.7675	 4.24121	 2.5743
38.0483	 4.65529	 3.07898
38.3333	 5.33252	 3.51313
38.6226	 6.32244	 3.68422
38.9164	 7.4749 	 3.27987
39.2146	 8.2633 	 2.17505
39.5174	 8.20954	 0.86845
39.8249	 7.53032	 0.00365
40.1373	 6.73124	 0.30441
40.4545	 6.07349	 0.25119
40.7769	 5.60606	 0.01572
41.1044	 5.30696	 0.30102
41.4372	 5.14783	 0.64927
41.7755	 5.11073	 1.00238
42.1193	 5.18793	 1.33917
42.4689	 5.37692	 1.63265
42.8243	 5.66967	 1.84356
43.1857	 6.03458	 1.92322
43.5532	 6.40256	 1.83547
43.927	 6.67851	 1.59535
44.3074	 6.79263	 1.28349
44.6943	 6.74778	 1.0053
45.0881	 6.60638	 0.8293
45.4889	 6.44306	 0.76914
45.8969	 6.31237	 0.80174
46.3122	 6.24424	 0.89267
46.7352	 6.25138	 1.00629
47.1659	 6.33541	 1.10751
47.6047	 6.4858 	 1.16307
48.0516	 6.68581	 1.12899
48.5071	 6.86121	 0.98456
48.9713	 6.95363	 0.7633
49.4444	 6.93641	 0.52677
49.9268	 6.82685	 0.33559
50.4187	 6.66983	 0.22199
50.9204	 6.5117 	 0.18548
51.4322	 6.38315	 0.20598
51.9543	 6.29786	 0.25689
52.4872	 6.25593	 0.31402
53.0311	 6.24787	 0.35862
53.5864	 6.25894	 0.38012
54.1534	 6.27249	 0.37675
54.7326	 6.27508	 0.35579
55.3243	 6.26033	 0.33088
55.929	 6.24137	 0.31173
56.547	 6.21364	 0.28963
57.1788	 6.17506	 0.27379
57.8249	 6.12955	 0.26932
58.4857	 6.08284	 0.27893
59.1618	 6.04073	 0.30192
59.8538	 6.00809	 0.33556
60.5621	 5.98787	 0.37554
61.2874	 5.98146	 0.41685
62.0303	 5.98773	 0.45445
62.7914	 6.00386	 0.48446
63.5714	 6.02609	 0.50444
64.3711	 6.0503 	 0.51361
65.1911	 6.07223	 0.5127
66.0323	 6.08876	 0.5041
66.8954	 6.09774	 0.49057
67.7815	 6.09848	 0.47569
68.6913	 6.09166	 0.4628
69.6258	 6.07885	 0.45476
70.5862	 6.06283	 0.45292
71.5734	 6.04654	 0.45761
72.5887	 6.03231	 0.46805
73.6331	 6.02161	 0.48254
74.708	 6.01524	 0.49916
75.8148	 6.01293	 0.51646
76.9549	 6.01375	 0.53339
78.1298	 6.01739	 0.54954
79.3411	 6.02321	 0.56486
80.5906	 6.0313 	 0.5794
81.88	 6.04156	 0.59259
83.2114	 6.05428	 0.60414
84.5868	 6.06923	 0.61306
86.0084	 6.08579	 0.61848
87.4786	 6.10275	 0.61943
89	 6.11868	 0.61567
90.5752	 6.13135	 0.60761
92.2072	 6.13949	 0.59655
93.8991	 6.14208	 0.5844
95.6542	 6.13915	 0.57331
97.4762	 6.13155	 0.56465
99.3689	 6.1206 	 0.5598
101.337	 6.1072 	 0.55879
103.384	 6.09239	 0.5622
105.515	 6.07678	 0.56972
107.737	 6.06092	 0.58194
110.054	 6.04544	 0.5988
112.473	 6.0312 	 0.62125
115	 6.01981	 0.64951
117.644	 6.01316	 0.68354
120.412	 6.01351	 0.72226
123.313	 6.02337	 0.76371
126.358	 6.04431	 0.8042
129.557	 6.07681	 0.83885
132.922	 6.11696	 0.86136
136.467	 6.15843	 0.86836
140.205	 6.19087	 0.86044
144.155	 6.20602	 0.84619
148.333	 6.20493	 0.83789
152.761	 6.19305	 0.84364
157.462	 6.17989	 0.86778
162.46	 6.17598	 0.91035
167.787	 6.19414	 0.96219
173.475	 6.23353	 1.0124
179.561	 6.29793	 1.05109
186.091	 6.39125	 1.0495
193.113	 6.43569	 0.96994
200.686	 6.37918	 0.9458
208.878	 6.38549	 0.97978
217.766	 6.40155	 0.99757
227.444	 6.41916	 1.00861
238.023	 6.43415	 1.01496
249.634	 6.44625	 1.0139
262.436	 6.42938	 1.02981
276.622	 6.42418	 1.04939
292.429	 6.4127 	 1.07478
310.151	 6.39468	 1.11089
330.161	 6.3729 	 1.16189
352.931	 6.35031	 1.22984
379.074	 6.32992	 1.31672
409.4	 6.31458	 1.42369
445	 6.30753	 1.55171
487.381	 6.31069	 1.69691
